Date	Cases	Deaths	Cases_New	Deaths_New	Cases_Last_Week	Deaths_Last_Week	Cases_Per_Million	Deaths_Per_Million	Cases_New_Per_Million	Deaths_New_Per_Million	Cases_Last_Week_Per_Million	Deaths_Last_Week_Per_Million	DIVI_Intensivstationen_Covid_Prozent	DIVI_Intensivstationen_Betten_belegt_Prozent	Cases_Last_Week_7Day_Percent
2020-01-02	0	0	0	0	0	0	0	0	0	0.0	0	0.0			
2020-01-03	0	0	0	0	0	0	0	0	0	0.0	0	0.0			
2020-01-04	0	0	0	0	0	0	0	0	0	0.0	0	0.0			
2020-01-05	0	0	0	0	0	0	0	0	0	0.0	0	0.0			
2020-01-06	0	0	0	0	0	0	0	0	0	0.0	0	0.0			
2020-01-07	0	0	0	0	0	0	0	0	0	0.0	0	0.0			
2020-01-08	0	0	0	0	0	0	0	0	0	0.0	0	0.0			
2020-01-09	0	0	0	0	0	0	0	0	0	0.0	0	0.0			0
2020-01-10	0	0	0	0	0	0	0	0	0	0.0	0	0.0			0
2020-01-11	0	0	0	0	0	0	0	0	0	0.0	0	0.0			0
2020-01-12	0	0	0	0	0	0	0	0	0	0.0	0	0.0			0
2020-01-13	0	0	0	0	0	0	0	0	0	0.0	0	0.0			0
2020-01-14	0	0	0	0	0	0	0	0	0	0.0	0	0.0			0
2020-01-15	0	0	0	0	0	0	0	0	0	0.0	0	0.0			0
2020-01-16	0	0	0	0	0	0	0	0	0	0.0	0	0.0			0
2020-01-17	0	0	0	0	0	0	0	0	0	0.0	0	0.0			0
2020-01-18	0	0	0	0	0	0	0	0	0	0.0	0	0.0			0
2020-01-19	0	0	0	0	0	0	0	0	0	0.0	0	0.0			0
2020-01-20	0	0	0	0	0	0	0	0	0	0.0	0	0.0			0
2020-01-21	0	0	0	0	0	0	0	0	0	0.0	0	0.0			0
2020-01-22	0	0	0	0	0	0	0	0	0	0.0	0	0.0			0
2020-01-23	0	0	0	0	0	0	0	0	0	0.0	0	0.0			0
2020-01-24	0	0	0	0	0	0	0	0	0	0.0	0	0.0			0
2020-01-25	0	0	0	0	0	0	0	0	0	0.0	0	0.0			0
2020-01-26	0	0	0	0	0	0	0	0	0	0.0	0	0.0			0
2020-01-27	0	0	0	0	0	0	0	0	0	0.0	0	0.0			0
2020-01-28	0	0	0	0	0	0	0	0	0	0.0	0	0.0			0
2020-01-29	0	0	0	0	0	0	0	0	0	0.0	0	0.0			0
2020-01-30	0	0	0	0	0	0	0	0	0	0.0	0	0.0			0
2020-01-31	0	0	0	0	0	0	0	0	0	0.0	0	0.0			0
2020-02-01	0	0	0	0	0	0	0	0	0	0.0	0	0.0			0
2020-02-02	0	0	0	0	0	0	0	0	0	0.0	0	0.0			0
2020-02-03	0	0	0	0	0	0	0	0	0	0.0	0	0.0			0
2020-02-04	0	0	0	0	0	0	0	0	0	0.0	0	0.0			0
2020-02-05	0	0	0	0	0	0	0	0	0	0.0	0	0.0			0
2020-02-06	0	0	0	0	0	0	0	0	0	0.0	0	0.0			0
2020-02-07	0	0	0	0	0	0	0	0	0	0.0	0	0.0			0
2020-02-08	0	0	0	0	0	0	0	0	0	0.0	0	0.0			0
2020-02-09	0	0	0	0	0	0	0	0	0	0.0	0	0.0			0
2020-02-10	0	0	0	0	0	0	0	0	0	0.0	0	0.0			0
2020-02-11	0	0	0	0	0	0	0	0	0	0.0	0	0.0			0
2020-02-12	0	0	0	0	0	0	0	0	0	0.0	0	0.0			0
2020-02-13	0	0	0	0	0	0	0	0	0	0.0	0	0.0			0
2020-02-14	0	0	0	0	0	0	0	0	0	0.0	0	0.0			0
2020-02-15	0	0	0	0	0	0	0	0	0	0.0	0	0.0			0
2020-02-16	0	0	0	0	0	0	0	0	0	0.0	0	0.0			0
2020-02-17	0	0	0	0	0	0	0	0	0	0.0	0	0.0			0
2020-02-18	0	0	0	0	0	0	0	0	0	0.0	0	0.0			0
2020-02-19	0	0	0	0	0	0	0	0	0	0.0	0	0.0			0
2020-02-20	0	0	0	0	0	0	0	0	0	0.0	0	0.0			0
2020-02-21	0	0	0	0	0	0	0	0	0	0.0	0	0.0			0
2020-02-22	0	0	0	0	0	0	0	0	0	0.0	0	0.0			0
2020-02-23	0	0	0	0	0	0	0	0	0	0.0	0	0.0			0
2020-02-24	0	0	0	0	0	0	0	0	0	0.0	0	0.0			0
2020-02-25	0	0	0	0	0	0	0	0	0	0.0	0	0.0			0
2020-02-26	0	0	0	0	0	0	0	0	0	0.0	0	0.0			0
2020-02-27	0	0	0	0	0	0	0	0	0	0.0	0	0.0			0
2020-02-28	0	0	0	0	0	0	0	0	0	0.0	0	0.0			0
2020-02-29	0	0	0	0	0	0	0	0	0	0.0	0	0.0			0
2020-03-01	0	0	0	0	0	0	0	0	0	0.0	0	0.0			0
2020-03-02	0	0	0	0	0	0	0	0	0	0.0	0	0.0			0
2020-03-03	0	0	0	0	0	0	0	0	0	0.0	0	0.0			0
2020-03-04	0	0	0	0	0	0	0	0	0	0.0	0	0.0			0
2020-03-05	0	0	0	0	0	0	0	0	0	0.0	0	0.0			0
2020-03-06	0	0	0	0	0	0	0	0	0	0.0	0	0.0			0
2020-03-07	0	0	0	0	0	0	0	0	0	0.0	0	0.0			0
2020-03-08	0	0	0	0	0	0	0	0	0	0.0	0	0.0			0
2020-03-09	1	0	1	0	1	0	7	0	7	0.0	7	0.0			0
2020-03-10	1	0	0	0	1	0	7	0	0	0.0	7	0.0			0
2020-03-11	1	0	0	0	1	0	7	0	0	0.0	7	0.0			0
2020-03-12	1	0	0	0	1	0	7	0	0	0.0	7	0.0			0
2020-03-13	1	0	0	0	1	0	7	0	0	0.0	7	0.0			0
2020-03-14	1	0	0	0	1	0	7	0	0	0.0	7	0.0			0
2020-03-15	1	0	0	0	1	0	7	0	0	0.0	7	0.0			0
2020-03-16	3	0	2	0	2	0	22	0	15	0.0	15	0.0			0
2020-03-17	5	0	2	0	4	0	38	0	15	0.0	30	0.0			0
2020-03-18	5	0	0	0	4	0	38	0	0	0.0	30	0.0			0
2020-03-19	6	0	1	0	5	0	45	0	7	0.0	38	0.0			0
2020-03-20	6	0	0	0	5	0	45	0	0	0.0	38	0.0			0
2020-03-21	9	0	3	0	8	0	68	0	22	0.0	61	0.0			0
2020-03-22	10	1	1	1	9	1	76	7	7	7.64	68	7.64			0
2020-03-23	13	1	3	0	10	1	99	7	22	0.0	76	7.64			400.0
2020-03-24	15	1	2	0	10	1	114	7	15	0.0	76	7.64			150.0
2020-03-25	17	1	2	0	12	1	129	7	15	0.0	91	7.64			200.0
2020-03-26	19	2	2	1	13	2	145	15	15	7.64	99	15.28			160.0
2020-03-27	22	2	3	0	16	2	168	15	22	0.0	122	15.28			220.0
2020-03-28	24	2	2	0	15	2	183	15	15	0.0	114	15.28			87.5
2020-03-29	26	2	2	0	16	1	198	15	15	0.0	122	7.64			77.8
2020-03-30	26	2	0	0	13	1	198	15	0	0.0	99	7.64			30.0
2020-03-31	29	3	3	1	14	2	221	22	22	7.64	106	15.28			40.0
2020-04-01	33	3	4	0	16	2	252	22	30	0.0	122	15.28			33.3
2020-04-02	33	3	0	0	14	1	252	22	0	0.0	106	7.64			7.7
2020-04-03	34	3	1	0	12	1	259	22	7	0.0	91	7.64			-25.0
2020-04-04	35	3	1	0	11	1	267	22	7	0.0	84	7.64			-26.7
2020-04-05	40	4	5	1	14	2	305	30	38	7.64	106	15.28			-12.5
2020-04-06	43	6	3	2	17	4	328	45	22	15.28	129	30.56			30.8
2020-04-07	48	7	5	1	19	4	366	53	38	7.64	145	30.56			35.7
2020-04-08	49	7	1	0	16	4	374	53	7	0.0	122	30.56			0.0
2020-04-09	52	8	3	1	19	5	397	61	22	7.64	145	38.2			35.7
2020-04-10	53	8	1	0	19	5	404	61	7	0.0	145	38.2			58.3
2020-04-11	55	8	2	0	20	5	420	61	15	0.0	152	38.2			81.8
2020-04-12	55	8	0	0	15	4	420	61	0	0.0	114	30.56			7.1
2020-04-13	55	8	0	0	12	2	420	61	0	0.0	91	15.28			-29.4
2020-04-14	59	8	4	0	11	1	450	61	30	0.0	84	7.64			-42.1
2020-04-15	60	8	1	0	11	1	458	61	7	0.0	84	7.64			-31.2
2020-04-16	63	8	3	0	11	0	481	61	22	0.0	84	0.0			-42.1
2020-04-17	68	8	5	0	15	0	519	61	38	0.0	114	0.0			-21.1
2020-04-18	70	8	2	0	15	0	534	61	15	0.0	114	0.0			-25.0
2020-04-19	72	8	2	0	17	0	550	61	15	0.0	129	0.0			13.3
2020-04-20	72	8	0	0	17	0	550	61	0	0.0	129	0.0			41.7
2020-04-21	72	8	0	0	13	0	550	61	0	0.0	99	0.0			18.2
2020-04-22	74	8	2	0	14	0	565	61	15	0.0	106	0.0			27.3
2020-04-23	75	8	1	0	12	0	572	61	7	0.0	91	0.0			9.1
2020-04-24	77	8	2	0	9	0	588	61	15	0.0	68	0.0	7.9	62.3	-40.0
2020-04-25	82	9	5	1	12	1	626	68	38	7.64	91	7.64	7.0	61.4	-20.0
2020-04-26	82	9	0	0	10	1	626	68	0	0.0	76	7.64	7.9	60.5	-41.2
2020-04-27	86	9	4	0	14	1	657	68	30	0.0	106	7.64	7.9	63.2	-17.6
2020-04-28	93	9	7	0	21	1	710	68	53	0.0	160	7.64	6.1	64.0	61.5
2020-04-29	95	9	2	0	21	1	725	68	15	0.0	160	7.64	6.1	61.4	50.0
2020-04-30	100	9	5	0	25	1	763	68	38	0.0	190	7.64	4.4	59.6	108.3
2020-05-01	101	9	1	0	24	1	771	68	7	0.0	183	7.64	3.5	60.5	166.7
2020-05-02	104	9	3	0	22	0	794	68	22	0.0	168	0.0	4.4	55.3	83.3
2020-05-03	107	9	3	0	25	0	817	68	22	0.0	190	0.0	4.4	63.2	150.0
2020-05-04	107	9	0	0	21	0	817	68	0	0.0	160	0.0	5.3	60.5	50.0
2020-05-05	115	9	8	0	22	0	878	68	61	0.0	168	0.0	5.3	63.2	4.8
2020-05-06	120	9	5	0	25	0	916	68	38	0.0	190	0.0	5.5	58.6	19.0
2020-05-07	122	9	2	0	22	0	932	68	15	0.0	168	0.0	5.3	74.6	-12.0
2020-05-08	124	9	2	0	23	0	947	68	15	0.0	175	0.0	5.3	71.9	-4.2
2020-05-09	130	10	6	1	26	1	993	76	45	7.64	198	7.64	4.4	70.2	18.2
2020-05-10	131	10	1	0	24	1	1000	76	7	0.0	183	7.64	4.4	69.3	-4.0
2020-05-11	131	10	0	0	24	1	1000	76	0	0.0	183	7.64	3.8	68.3	14.3
2020-05-12	137	10	6	0	22	1	1046	76	45	0.0	168	7.64	3.8	65.4	0.0
2020-05-13	138	10	1	0	18	1	1054	76	7	0.0	137	7.64	2.6	61.4	-28.0
2020-05-14	140	10	2	0	18	1	1069	76	15	0.0	137	7.64	1.8	77.2	-18.2
2020-05-15	142	10	2	0	18	1	1084	76	15	0.0	137	7.64	1.8	62.3	-21.7
2020-05-16	142	10	0	0	12	0	1084	76	0	0.0	91	0.0	1.8	57.9	-53.8
2020-05-17	142	10	0	0	11	0	1084	76	0	0.0	84	0.0	1.8	50.9	-54.2
2020-05-18	144	10	2	0	13	0	1100	76	15	0.0	99	0.0	1.8	59.6	-45.8
2020-05-19	148	10	4	0	11	0	1130	76	30	0.0	84	0.0	2.6	60.5	-50.0
2020-05-20	153	10	5	0	15	0	1168	76	38	0.0	114	0.0	2.6	56.1	-16.7
2020-05-21	154	10	1	0	14	0	1176	76	7	0.0	106	0.0	2.6	59.6	-22.2
2020-05-22	156	10	2	0	14	0	1191	76	15	0.0	106	0.0	2.6	54.4	-22.2
2020-05-23	157	10	1	0	15	0	1199	76	7	0.0	114	0.0	2.6	49.1	25.0
2020-05-24	157	10	0	0	15	0	1199	76	0	0.0	114	0.0	2.6	51.8	36.4
2020-05-25	157	10	0	0	13	0	1199	76	0	0.0	99	0.0	2.6	54.4	0.0
2020-05-26	158	10	1	0	10	0	1207	76	7	0.0	76	0.0	2.6	54.4	-9.1
2020-05-27	159	10	1	0	6	0	1214	76	7	0.0	45	0.0	2.6	51.8	-60.0
2020-05-28	159	10	0	0	5	0	1214	76	0	0.0	38	0.0	2.6	60.5	-64.3
2020-05-29	160	10	1	0	4	0	1222	76	7	0.0	30	0.0	1.8	58.8	-71.4
2020-05-30	160	10	0	0	3	0	1222	76	0	0.0	22	0.0	1.8	59.6	-80.0
2020-05-31	160	10	0	0	3	0	1222	76	0	0.0	22	0.0	1.8	52.6	-80.0
2020-06-01	160	10	0	0	3	0	1222	76	0	0.0	22	0.0	1.8	50.0	-76.9
2020-06-02	160	10	0	0	2	0	1222	76	0	0.0	15	0.0	1.8	51.8	-80.0
2020-06-03	161	10	1	0	2	0	1230	76	7	0.0	15	0.0	1.8	60.5	-66.7
2020-06-04	161	10	0	0	2	0	1230	76	0	0.0	15	0.0	1.8	65.8	-60.0
2020-06-05	161	10	0	0	1	0	1230	76	0	0.0	7	0.0	1.8	57.0	-75.0
2020-06-06	161	10	0	0	1	0	1230	76	0	0.0	7	0.0	1.8	50.9	-66.7
2020-06-07	161	10	0	0	1	0	1230	76	0	0.0	7	0.0	1.8	58.8	-66.7
2020-06-08	162	10	1	0	2	0	1237	76	7	0.0	15	0.0	1.8	55.3	-33.3
2020-06-09	163	10	1	0	3	0	1245	76	7	0.0	22	0.0	2.6	57.9	50.0
2020-06-10	165	10	2	0	4	0	1260	76	15	0.0	30	0.0	1.8	61.4	100.0
2020-06-11	165	10	0	0	4	0	1260	76	0	0.0	30	0.0	0.9	61.4	100.0
2020-06-12	165	10	0	0	4	0	1260	76	0	0.0	30	0.0	0.9	58.8	0
2020-06-13	165	10	0	0	4	0	1260	76	0	0.0	30	0.0	1.8	56.1	0
2020-06-14	165	10	0	0	4	0	1260	76	0	0.0	30	0.0	1.8	56.1	0
2020-06-15	165	10	0	0	3	0	1260	76	0	0.0	22	0.0	1.8	53.5	50.0
2020-06-16	166	10	1	0	3	0	1268	76	7	0.0	22	0.0	1.8	56.1	0.0
2020-06-17	171	10	5	0	6	0	1306	76	38	0.0	45	0.0	1.8	50.9	50.0
2020-06-18	172	10	1	0	7	0	1314	76	7	0.0	53	0.0	1.8	51.8	75.0
2020-06-19	176	10	4	0	11	0	1344	76	30	0.0	84	0.0	0.9	51.8	175.0
2020-06-20	179	10	3	0	14	0	1367	76	22	0.0	106	0.0	0.8	52.0	250.0
2020-06-21	179	10	0	0	14	0	1367	76	0	0.0	106	0.0	0.8	56.4	250.0
2020-06-22	180	10	1	0	15	0	1375	76	7	0.0	114	0.0	0.8	54.8	400.0
2020-06-23	183	10	3	0	17	0	1398	76	22	0.0	129	0.0	0.8	64.3	466.7
2020-06-24	185	10	2	0	14	0	1413	76	15	0.0	106	0.0	0.8	54.8	133.3
2020-06-25	187	10	2	0	15	0	1428	76	15	0.0	114	0.0	0.8	60.3	114.3
2020-06-26	193	10	6	0	17	0	1474	76	45	0.0	129	0.0	0.8	63.5	54.5
2020-06-27	194	10	1	0	15	0	1482	76	7	0.0	114	0.0	0.8	55.9	7.1
2020-06-28	194	10	0	0	15	0	1482	76	0	0.0	114	0.0	0.8	55.9	7.1
2020-06-29	195	10	1	0	15	0	1489	76	7	0.0	114	0.0	0.8	61.4	0.0
2020-06-30	195	10	0	0	12	0	1489	76	0	0.0	91	0.0	1.6	57.1	-29.4
2020-07-01	205	10	10	0	20	0	1566	76	76	0.0	152	0.0	1.6	60.3	42.9
2020-07-02	207	10	2	0	20	0	1581	76	15	0.0	152	0.0	1.6	61.1	33.3
2020-07-03	208	10	1	0	15	0	1589	76	7	0.0	114	0.0	0.0	63.8	-11.8
2020-07-04	211	10	3	0	17	0	1612	76	22	0.0	129	0.0	0.0	60.6	13.3
2020-07-05	212	10	1	0	18	0	1619	76	7	0.0	137	0.0	0.0	59.8	20.0
2020-07-06	212	10	0	0	17	0	1619	76	0	0.0	129	0.0	0.0	57.5	13.3
2020-07-07	214	10	2	0	19	0	1634	76	15	0.0	145	0.0	0.0	60.6	58.3
2020-07-08	216	10	2	0	11	0	1650	76	15	0.0	84	0.0	0.0	59.8	-45.0
2020-07-09	217	10	1	0	10	0	1657	76	7	0.0	76	0.0	0.0	58.3	-50.0
2020-07-10	219	10	2	0	11	0	1673	76	15	0.0	84	0.0	0.0	57.5	-26.7
2020-07-11	219	10	0	0	8	0	1673	76	0	0.0	61	0.0	0.0	55.1	-52.9
2020-07-12	219	10	0	0	7	0	1673	76	0	0.0	53	0.0	0.0	56.7	-61.1
2020-07-13	223	10	4	0	11	0	1703	76	30	0.0	84	0.0	0.0	55.9	-35.3
2020-07-14	225	10	2	0	11	0	1718	76	15	0.0	84	0.0	0.0	56.3	-42.1
2020-07-15	229	10	4	0	13	0	1749	76	30	0.0	99	0.0	0.0	65.9	18.2
2020-07-16	232	10	3	0	15	0	1772	76	22	0.0	114	0.0	0.0	61.9	50.0
2020-07-17	234	10	2	0	15	0	1787	76	15	0.0	114	0.0	0.0	59.5	36.4
2020-07-18	234	10	0	0	15	0	1787	76	0	0.0	114	0.0	0.0	63.5	87.5
2020-07-19	234	10	0	0	15	0	1787	76	0	0.0	114	0.0	0.0	65.9	114.3
2020-07-20	235	10	1	0	12	0	1795	76	7	0.0	91	0.0	0.0	63.5	9.1
2020-07-21	239	10	4	0	14	0	1825	76	30	0.0	106	0.0	0.0	63.2	27.3
2020-07-22	241	10	2	0	12	0	1841	76	15	0.0	91	0.0	0.0	64.6	-7.7
2020-07-23	243	10	2	0	11	0	1856	76	15	0.0	84	0.0	0.0	55.1	-26.7
2020-07-24	245	10	2	0	11	0	1871	76	15	0.0	84	0.0	0.0	61.4	-26.7
2020-07-25	249	10	4	0	15	0	1902	76	30	0.0	114	0.0	0.0	58.3	0.0
2020-07-26	249	10	0	0	15	0	1902	76	0	0.0	114	0.0	0.0	57.5	0.0
2020-07-27	249	10	0	0	14	0	1902	76	0	0.0	106	0.0	0.8	60.9	16.7
2020-07-28	264	10	15	0	25	0	2016	76	114	0.0	190	0.0	0.0	57.0	78.6
2020-07-29	268	10	4	0	27	0	2047	76	30	0.0	206	0.0	0.0	61.7	125.0
2020-07-30	272	10	4	0	29	0	2078	76	30	0.0	221	0.0	0.0	64.1	163.6
2020-07-31	292	10	20	0	47	0	2230	76	152	0.0	359	0.0	0.0	66.1	327.3
2020-08-01	295	10	3	0	46	0	2253	76	22	0.0	351	0.0	0.0	54.3	206.7
2020-08-02	295	10	0	0	46	0	2253	76	0	0.0	351	0.0	1.6	52.0	206.7
2020-08-03	301	10	6	0	52	0	2299	76	45	0.0	397	0.0	0.8	63.0	271.4
2020-08-04	304	10	3	0	40	0	2322	76	22	0.0	305	0.0	0.9	80.4	60.0
2020-08-05	307	10	3	0	39	0	2345	76	22	0.0	297	0.0	0.9	75.2	44.4
2020-08-06	309	10	2	0	37	0	2360	76	15	0.0	282	0.0	1.0	73.1	27.6
2020-08-07	311	10	2	0	19	0	2376	76	15	0.0	145	0.0	1.0	72.1	-59.6
2020-08-08	323	10	12	0	28	0	2467	76	91	0.0	213	0.0	1.0	68.3	-39.1
2020-08-09	324	10	1	0	29	0	2475	76	7	0.0	221	0.0	1.0	68.3	-37.0
2020-08-10	329	10	5	0	28	0	2513	76	38	0.0	213	0.0	1.0	65.4	-46.2
2020-08-11	333	10	4	0	29	0	2544	76	30	0.0	221	0.0	0.0	76.0	-27.5
2020-08-12	340	10	7	0	33	0	2597	76	53	0.0	252	0.0	0.0	71.2	-15.4
2020-08-13	345	10	5	0	36	0	2635	76	38	0.0	275	0.0	0.0	74.3	-2.7
2020-08-14	350	10	5	0	39	0	2673	76	38	0.0	297	0.0	0.0	72.4	105.3
2020-08-15	360	10	10	0	37	0	2750	76	76	0.0	282	0.0	0.0	71.4	32.1
2020-08-16	364	10	4	0	40	0	2780	76	30	0.0	305	0.0	0.0	71.4	37.9
2020-08-17	371	10	7	0	42	0	2834	76	53	0.0	320	0.0	0.0	71.4	50.0
2020-08-18	375	10	4	0	42	0	2864	76	30	0.0	320	0.0	0.0	82.7	44.8
2020-08-19	397	10	22	0	57	0	3033	76	168	0.0	435	0.0	0.0	81.9	72.7
2020-08-20	412	10	15	0	67	0	3147	76	114	0.0	511	0.0	0.0	80.0	86.1
2020-08-21	423	10	11	0	73	0	3231	76	84	0.0	557	0.0	0.0	78.1	87.2
2020-08-22	431	10	8	0	71	0	3292	76	61	0.0	542	0.0	0.0	75.2	91.9
2020-08-23	438	10	7	0	74	0	3346	76	53	0.0	565	0.0	0.0	71.4	85.0
2020-08-24	443	10	5	0	72	0	3384	76	38	0.0	550	0.0	1.0	74.3	71.4
2020-08-25	451	10	8	0	76	0	3445	76	61	0.0	580	0.0	0.0	83.8	81.0
2020-08-26	459	10	8	0	62	0	3506	76	61	0.0	473	0.0	0.0	74.3	8.8
2020-08-27	462	10	3	0	50	0	3529	76	22	0.0	381	0.0	1.0	82.7	-25.4
2020-08-28	463	10	1	0	40	0	3537	76	7	0.0	305	0.0	1.0	72.1	-45.2
2020-08-29	464	10	1	0	33	0	3544	76	7	0.0	252	0.0	1.0	76.9	-53.5
2020-08-30	467	10	3	0	29	0	3567	76	22	0.0	221	0.0	0.0	76.0	-60.8
2020-08-31	469	10	2	0	26	0	3583	76	15	0.0	198	0.0	0.0	78.4	-63.9
2020-09-01	471	10	2	0	20	0	3598	76	15	0.0	152	0.0	0.0	78.4	-73.7
2020-09-02	473	10	2	0	14	0	3613	76	15	0.0	106	0.0	0.0	82.5	-77.4
2020-09-03	480	10	7	0	18	0	3667	76	53	0.0	137	0.0	0.0	81.7	-64.0
2020-09-04	484	10	4	0	21	0	3697	76	30	0.0	160	0.0	0.0	74.8	-47.5
2020-09-05	487	10	3	0	23	0	3720	76	22	0.0	175	0.0	0.0	78.1	-30.3
2020-09-06	488	10	1	0	21	0	3728	76	7	0.0	160	0.0	0.0	77.1	-27.6
2020-09-07	491	10	3	0	22	0	3751	76	22	0.0	168	0.0	0.0	77.9	-15.4
2020-09-08	495	10	4	0	24	0	3781	76	30	0.0	183	0.0	0.0	82.7	20.0
2020-09-09	498	10	3	0	25	0	3804	76	22	0.0	190	0.0	0.0	81.7	78.6
2020-09-10	500	10	2	0	20	0	3819	76	15	0.0	152	0.0	0.0	81.7	11.1
2020-09-11	507	11	7	1	23	1	3873	84	53	7.64	175	7.64	0.0	79.8	9.5
2020-09-12	508	11	1	0	21	1	3881	84	7	0.0	160	7.64	0.0	76.0	-8.7
2020-09-13	510	11	2	0	22	1	3896	84	15	0.0	168	7.64	0.0	77.9	4.8
2020-09-14	514	11	4	0	23	1	3926	84	30	0.0	175	7.64	0.0	82.7	4.5
2020-09-15	517	11	3	0	22	1	3949	84	22	0.0	168	7.64	1.0	76.9	-8.3
2020-09-16	525	11	8	0	27	1	4010	84	61	0.0	206	7.64	0.0	75.7	8.0
2020-09-17	526	11	1	0	26	1	4018	84	7	0.0	198	7.64	0.0	77.9	30.0
2020-09-18	529	11	3	0	22	0	4041	84	22	0.0	168	0.0	0.0	79.8	-4.3
2020-09-19	529	11	0	0	21	0	4041	84	0	0.0	160	0.0	0.0	83.7	0.0
2020-09-20	529	11	0	0	19	0	4041	84	0	0.0	145	0.0	1.0	86.5	-13.6
2020-09-21	529	11	0	0	15	0	4041	84	0	0.0	114	0.0	1.0	86.5	-34.8
2020-09-22	535	11	6	0	18	0	4087	84	45	0.0	137	0.0	1.0	86.5	-18.2
2020-09-23	544	11	9	0	19	0	4156	84	68	0.0	145	0.0	1.0	90.4	-29.6
2020-09-24	550	12	6	1	24	1	4201	91	45	7.64	183	7.64	1.9	89.4	-7.7
2020-09-25	556	12	6	0	27	1	4247	91	45	0.0	206	7.64	1.0	89.4	22.7
2020-09-26	569	13	13	1	40	2	4347	99	99	7.64	305	15.28	1.0	87.4	90.5
2020-09-27	570	13	1	0	41	2	4354	99	7	0.0	313	15.28	1.0	83.5	115.8
2020-09-28	573	13	3	0	44	2	4377	99	22	0.0	336	15.28	1.0	85.4	193.3
2020-09-29	580	13	7	0	45	2	4431	99	53	0.0	343	15.28	1.0	90.3	150.0
2020-09-30	586	13	6	0	42	2	4476	99	45	0.0	320	15.28	1.0	88.3	121.1
2020-10-01	595	13	9	0	45	1	4545	99	68	0.0	343	7.64	1.0	89.3	87.5
2020-10-02	610	13	15	0	54	1	4660	99	114	0.0	412	7.64	1.0	83.5	100.0
2020-10-03	616	13	6	0	47	0	4706	99	45	0.0	359	0.0	1.0	83.5	17.5
2020-10-04	622	13	6	0	52	0	4752	99	45	0.0	397	0.0	1.0	83.5	26.8
2020-10-05	640	13	18	0	67	0	4889	99	137	0.0	511	0.0	1.0	83.5	52.3
2020-10-06	653	13	13	0	73	0	4988	99	99	0.0	557	0.0	1.0	79.6	62.2
2020-10-07	675	13	22	0	89	0	5156	99	168	0.0	679	0.0	1.0	84.5	111.9
2020-10-08	687	13	12	0	92	0	5248	99	91	0.0	702	0.0	1.0	85.4	104.4
2020-10-09	703	13	16	0	93	0	5370	99	122	0.0	710	0.0	1.0	82.5	72.2
2020-10-10	721	13	18	0	105	0	5508	99	137	0.0	802	0.0	0.0	83.5	123.4
2020-10-11	723	13	2	0	101	0	5523	99	15	0.0	771	0.0	0.0	80.6	94.2
2020-10-12	736	13	13	0	96	0	5622	99	99	0.0	733	0.0	0.0	87.4	43.3
2020-10-13	766	13	30	0	113	0	5852	99	229	0.0	863	0.0	0.0	80.6	54.8
2020-10-14	795	13	29	0	120	0	6073	99	221	0.0	916	0.0	1.0	77.7	34.8
2020-10-15	830	14	35	1	143	1	6341	106	267	7.64	1092	7.64	1.0	82.5	55.4
2020-10-16	858	16	28	2	155	3	6555	122	213	15.28	1184	22.92	1.0	75.7	66.7
2020-10-17	873	16	15	0	152	3	6669	122	114	0.0	1161	22.92	1.0	80.6	44.8
2020-10-18	882	16	9	0	159	3	6738	122	68	0.0	1214	22.92	2.9	79.6	57.4
2020-10-19	904	16	22	0	168	3	6906	122	168	0.0	1283	22.92	3.9	84.5	75.0
2020-10-20	936	16	32	0	170	3	7150	122	244	0.0	1298	22.92	3.9	88.3	50.4
2020-10-21	964	16	28	0	169	3	7364	122	213	0.0	1291	22.92	5.8	83.5	40.8
2020-10-22	1015	17	51	1	185	3	7754	129	389	7.64	1413	22.92	8.7	88.3	29.4
2020-10-23	1056	17	41	0	198	1	8067	129	313	0.0	1512	7.64	9.7	81.6	27.7
2020-10-24	1108	18	52	1	235	2	8464	137	397	7.64	1795	15.28	10.7	83.5	54.6
2020-10-25	1121	18	13	0	239	2	8564	137	99	0.0	1825	15.28	12.6	89.3	50.3
2020-10-26	1171	20	50	2	267	4	8946	152	381	15.28	2039	30.56	9.7	87.4	58.9
2020-10-27	1211	20	40	0	275	4	9251	152	305	0.0	2100	30.56	7.8	88.3	61.8
2020-10-28	1288	20	77	0	324	4	9840	152	588	0.0	2475	30.56	10.7	85.4	91.7
2020-10-29	1352	20	64	0	337	3	10329	152	488	0.0	2574	22.92	11.7	86.4	82.2
2020-10-30	1399	20	47	0	343	3	10688	152	359	0.0	2620	22.92	11.7	84.5	73.2
2020-10-31	1439	21	40	1	331	3	10993	160	305	7.64	2528	22.92	11.7	83.5	40.9
2020-11-01	1468	22	29	1	347	4	11215	168	221	7.64	2651	30.56	11.7	82.5	45.2
2020-11-02	1506	22	38	0	335	2	11505	168	290	0.0	2559	15.28	15.4	85.6	25.5
2020-11-03	1560	26	54	4	349	6	11918	198	412	30.56	2666	45.84	16.3	88.5	26.9
2020-11-04	1627	27	67	1	339	7	12430	206	511	7.64	2589	53.48	15.9	86.0	4.6
2020-11-05	1657	27	30	0	305	7	12659	206	229	0.0	2330	53.48	13.1	78.5	-9.5
2020-11-06	1731	28	74	1	332	8	13224	213	565	7.64	2536	61.12	14.0	74.8	-3.2
2020-11-07	1804	29	73	1	365	8	13782	221	557	7.64	2788	61.12	14.0	64.5	10.3
2020-11-08	1834	30	30	1	366	8	14011	229	229	7.64	2796	61.12	12.1	64.5	5.5
2020-11-09	1915	30	81	0	409	8	14630	229	618	0.0	3124	61.12	11.2	68.2	22.1
2020-11-10	1980	31	65	1	420	5	15126	236	496	7.64	3208	38.2	12.4	78.1	20.3
2020-11-11	2046	31	66	0	419	4	15631	236	504	0.0	3201	30.56	11.2	73.8	23.6
2020-11-12	2127	34	81	3	470	7	16250	259	618	22.92	3590	53.48	12.1	79.4	54.1
2020-11-13	2196	34	69	0	465	6	16777	259	527	0.0	3552	45.84	12.1	86.9	40.1
2020-11-14	2204	34	8	0	400	5	16838	259	61	0.0	3055	38.2	12.1	86.0	9.6
2020-11-15	2298	35	94	1	464	5	17556	267	718	7.64	3544	38.2	13.1	83.2	26.8
2020-11-16	2352	36	54	1	437	6	17969	275	412	7.64	3338	45.84	13.1	83.2	6.8
2020-11-17	2418	36	66	0	438	5	18473	275	504	0.0	3346	38.2	11.2	80.4	4.3
2020-11-18	2481	37	63	1	435	6	18954	282	481	7.64	3323	45.84	14.0	86.0	3.8
2020-11-19	2554	38	73	1	427	4	19512	290	557	7.64	3262	30.56	14.0	89.7	-9.1
2020-11-20	2636	38	82	0	440	4	20138	290	626	0.0	3361	30.56	14.0	87.9	-5.4
2020-11-21	2696	39	60	1	492	5	20597	297	458	7.64	3758	38.2	14.0	87.9	23.0
2020-11-22	2706	39	10	0	408	4	20673	297	76	0.0	3117	30.56	13.1	82.2	-12.1
2020-11-23	2742	39	36	0	390	3	20948	297	275	0.0	2979	22.92	13.1	79.4	-10.8
2020-11-24	2791	39	49	0	373	3	21322	297	374	0.0	2849	22.92	13.1	91.6	-14.8
2020-11-25	2841	41	50	2	360	4	21704	313	381	15.28	2750	30.56	13.1	90.7	-17.2
2020-11-26	2907	42	66	1	353	4	22209	320	504	7.64	2696	30.56	13.0	87.0	-17.3
2020-11-27	2980	42	73	0	344	4	22766	320	557	0.0	2628	30.56	12.0	86.1	-21.8
2020-11-28	3026	43	46	1	330	4	23118	328	351	7.64	2521	30.56	12.3	90.6	-32.9
2020-11-29	3045	43	19	0	339	4	23263	328	145	0.0	2589	30.56	11.3	91.5	-16.9
2020-11-30	3106	47	61	4	364	8	23729	359	466	30.56	2780	61.12	12.3	87.7	-6.7
2020-12-01	3190	50	84	3	399	11	24371	381	641	22.92	3048	84.04	11.3	90.6	7.0
2020-12-02	3265	52	75	2	424	11	24944	397	572	15.28	3239	84.04	8.3	89.8	17.8
2020-12-03	3319	53	54	1	412	11	25356	404	412	7.64	3147	84.04	8.3	88.9	16.7
2020-12-04	3381	53	62	0	401	11	25830	404	473	0.0	3063	84.04	7.5	88.7	16.6
2020-12-05	3431	56	50	3	405	13	26212	427	381	22.92	3094	99.32	6.5	77.8	22.7
2020-12-06	3436	56	5	0	391	13	26250	427	38	0.0	2987	99.32	11.1	76.9	15.3
2020-12-07	3471	58	35	2	365	11	26518	443	267	15.28	2788	84.04	11.1	84.3	0.3
2020-12-08	3542	62	71	4	352	12	27060	473	542	30.56	2689	91.68	12.0	85.2	-11.8
2020-12-09	3619	65	77	3	354	13	27648	496	588	22.92	2704	99.32	12.0	75.0	-16.5
2020-12-10	3677	67	58	2	358	14	28091	511	443	15.28	2735	106.96	11.1	80.6	-13.1
2020-12-11	3706	68	29	1	325	15	28313	519	221	7.64	2482	114.6	11.2	77.6	-19.0
2020-12-12	3749	70	43	2	318	14	28641	534	328	15.28	2429	106.96	12.1	88.8	-21.5
2020-12-13	3767	70	18	0	331	14	28779	534	137	0.0	2528	106.96	12.1	84.1	-15.3
2020-12-14	3798	73	31	3	327	15	29016	557	236	22.92	2498	114.6	12.3	81.1	-10.4
2020-12-15	3851	74	53	1	309	12	29421	565	404	7.64	2360	91.68	13.2	86.8	-12.2
2020-12-16	3918	80	67	6	299	15	29933	611	511	45.839	2284	114.6	13.2	79.2	-15.5
2020-12-17	3967	82	49	2	290	15	30307	626	374	15.28	2215	114.6	15.1	90.6	-19.0
2020-12-18	4025	83	58	1	319	15	30750	634	443	7.64	2437	114.6	14.2	91.5	-1.8
2020-12-19	4067	83	42	0	318	13	31071	634	320	0.0	2429	99.32	17.3	88.9	0.0
2020-12-20	4079	83	12	0	312	13	31163	634	91	0.0	2383	99.32	20.5	81.9	-5.7
2020-12-21	4110	83	31	0	312	10	31399	634	236	0.0	2383	76.4	20.5	80.7	-4.6
2020-12-22	4182	87	72	4	331	13	31950	664	550	30.56	2528	99.32	21.0	80.2	7.1
2020-12-23	4264	93	82	6	346	13	32576	710	626	45.839	2643	99.32	21.2	85.9	15.7
2020-12-24	4296	93	32	0	329	11	32820	710	244	0.0	2513	84.04	19.1	77.7	13.4
2020-12-25	4303	94	7	1	278	11	32874	718	53	7.64	2123	84.04	21.3	75.5	-12.9
2020-12-26	4309	97	6	3	242	14	32920	741	45	22.92	1848	106.96	18.1	68.1	-23.9
2020-12-27	4325	99	16	2	246	16	33042	756	122	15.28	1879	122.24	20.2	78.7	-21.2
2020-12-28	4332	99	7	0	222	16	33095	756	53	0.0	1696	122.24	20.0	74.7	-28.8
2020-12-29	4397	102	65	3	215	15	33592	779	496	22.92	1642	114.6	22.1	81.1	-35.0
2020-12-30	4458	105	61	3	194	12	34058	802	466	22.92	1482	91.68	23.2	80.0	-43.9
2020-12-31	4489	105	31	0	193	12	34295	802	236	0.0	1474	91.68	24.2	81.3	-41.3
2021-01-01	4497	105	8	0	194	11	34356	802	61	0.0	1482	84.04	23.5	79.6	-30.2
2021-01-02	4500	105	3	0	191	8	34379	802	22	0.0	1459	61.12	24.5	81.6	-21.1
2021-01-03	4519	107	19	2	194	8	34524	817	145	15.28	1482	61.12	24.5	74.5	-21.1
2021-01-04	4548	109	29	2	216	10	34746	832	221	15.28	1650	76.4	24.5	75.5	-2.7
2021-01-05	4610	114	62	5	213	12	35219	870	473	38.199	1627	91.68	24.5	68.4	-0.9
2021-01-06	4659	119	49	5	201	14	35594	909	374	38.199	1535	106.96	25.5	81.6	3.6
2021-01-07	4679	120	20	1	190	15	35747	916	152	7.64	1451	114.6	27.0	80.0	-1.6
2021-01-08	4737	125	58	5	240	20	36190	954	443	38.199	1833	152.8	26.0	79.0	23.7
2021-01-09	4763	126	26	1	263	21	36388	962	198	7.64	2009	160.44	26.0	76.0	37.7
2021-01-10	4769	126	6	0	250	19	36434	962	45	0.0	1909	145.16	27.6	78.6	28.9
2021-01-11	4792	126	23	0	244	17	36610	962	175	0.0	1864	129.88	24.5	75.5	13.0
2021-01-12	4838	126	46	0	228	12	36961	962	351	0.0	1741	91.68	23.2	78.8	7.0
2021-01-13	4883	128	45	2	224	9	37305	977	343	15.28	1711	68.76	23.2	78.8	11.4
2021-01-14	4912	129	29	1	233	9	37527	985	221	7.64	1780	68.76	24.2	84.8	22.6
2021-01-15	4980	133	68	4	243	8	38046	1016	519	30.56	1856	61.12	21.2	76.8	1.2
2021-01-16	5013	134	33	1	250	8	38298	1023	252	7.64	1909	61.12	19.2	79.8	-4.9
2021-01-17	5017	135	4	1	248	9	38329	1031	30	7.64	1894	68.76	17.2	78.8	-0.8
2021-01-18	5041	136	24	1	249	10	38512	1039	183	7.64	1902	76.4	18.2	76.8	2.0
2021-01-19	5080	138	39	2	242	12	38810	1054	297	15.28	1848	91.68	19.5	78.2	6.1
2021-01-20	5110	138	30	0	227	10	39039	1054	229	0.0	1734	76.4	20.7	77.0	1.3
2021-01-21	5131	138	21	0	219	9	39200	1054	160	0.0	1673	68.76	15.1	84.9	-6.0
2021-01-22	5163	140	32	2	183	7	39444	1069	244	15.28	1398	53.48	15.1	84.9	-24.7
2021-01-23	5173	140	10	0	160	6	39521	1069	76	0.0	1222	45.84	21.8	88.5	-36.0
2021-01-24	5180	140	7	0	163	5	39574	1069	53	0.0	1245	38.2	21.8	80.5	-34.3
2021-01-25	5189	142	9	2	148	6	39643	1084	68	15.28	1130	45.84	21.2	85.9	-40.6
2021-01-26	5214	142	25	0	134	4	39834	1084	190	0.0	1023	30.56	21.4	89.8	-44.6
2021-01-27	5228	142	14	0	118	4	39941	1084	106	0.0	901	30.56	21.4	90.8	-48.0
2021-01-28	5251	142	23	0	120	4	40117	1084	175	0.0	916	30.56	20.0	83.0	-45.2
2021-01-29	5267	142	16	0	104	2	40239	1084	122	0.0	794	15.28	21.0	81.0	-43.2
2021-01-30	5275	142	8	0	102	2	40300	1084	61	0.0	779	15.28	20.0	88.0	-36.2
2021-01-31	5278	143	3	1	98	3	40323	1092	22	7.64	748	22.92	21.2	90.9	-39.9
2021-02-01	5290	143	12	0	101	1	40414	1092	91	0.0	771	7.64	19.2	83.8	-31.8
2021-02-02	5313	143	23	0	99	1	40590	1092	175	0.0	756	7.64	15.2	87.9	-26.1
2021-02-03	5327	143	14	0	99	1	40697	1092	106	0.0	756	7.64	14.1	87.9	-16.1
2021-02-04	5336	143	9	0	85	1	40766	1092	68	0.0	649	7.64	14.1	86.9	-29.2
2021-02-05	5351	143	15	0	84	1	40881	1092	114	0.0	641	7.64	13.1	86.9	-19.2
2021-02-06	5356	143	5	0	81	1	40919	1092	38	0.0	618	7.64	15.2	89.9	-20.6
2021-02-07	5362	143	6	0	84	0	40965	1092	45	0.0	641	0.0	16.0	86.0	-14.3
2021-02-08	5369	143	7	0	79	0	41018	1092	53	0.0	603	0.0	14.0	86.0	-21.8
2021-02-09	5391	143	22	0	78	0	41186	1092	168	0.0	595	0.0	14.0	86.0	-21.2
2021-02-10	5407	144	16	1	80	1	41308	1100	122	7.64	611	7.64	18.0	85.0	-19.2
2021-02-11	5424	144	17	0	88	1	41438	1100	129	0.0	672	7.64	13.1	84.8	3.5
2021-02-12	5446	144	22	0	95	1	41606	1100	168	0.0	725	7.64	11.1	80.8	13.1
2021-02-13	5449	144	3	0	93	1	41629	1100	22	0.0	710	7.64	11.0	81.0	14.8
2021-02-14	5460	145	11	1	98	2	41713	1107	84	7.64	748	15.28	11.0	79.0	16.7
2021-02-15	5468	145	8	0	99	2	41774	1107	61	0.0	756	15.28	12.0	78.0	25.3
2021-02-16	5485	146	17	1	94	3	41904	1115	129	7.64	718	22.92	14.0	85.0	20.5
2021-02-17	5503	146	18	0	96	2	42042	1115	137	0.0	733	15.28	11.0	85.0	20.0
2021-02-18	5515	146	12	0	91	2	42133	1115	91	0.0	695	15.28	11.0	84.0	3.4
2021-02-19	5533	146	18	0	87	2	42271	1115	137	0.0	664	15.28	9.0	84.0	-8.4
2021-02-20	5542	146	9	0	93	2	42340	1115	68	0.0	710	15.28	5.0	87.0	0.0
2021-02-21	5545	146	3	0	85	1	42363	1115	22	0.0	649	7.64	5.0	90.0	-13.3
2021-02-22	5556	146	11	0	88	1	42447	1115	84	0.0	672	7.64	5.0	87.0	-11.1
2021-02-23	5587	147	31	1	102	1	42684	1123	236	7.64	779	7.64	6.0	87.0	8.5
2021-02-24	5606	147	19	0	103	1	42829	1123	145	0.0	786	7.64	9.0	88.0	7.3
2021-02-25	5622	147	16	0	107	1	42951	1123	122	0.0	817	7.64	8.0	86.0	17.6
2021-02-26	5652	147	30	0	119	1	43180	1123	229	0.0	909	7.64	12.0	87.0	36.8
2021-02-27	5668	147	16	0	126	1	43302	1123	122	0.0	962	7.64	11.0	86.0	35.5
2021-02-28	5670	148	2	1	125	2	43318	1130	15	7.64	954	15.28	14.0	93.0	47.1
2021-03-01	5680	148	10	0	124	2	43394	1130	76	0.0	947	15.28	14.0	95.0	40.9
2021-03-02	5720	149	40	1	133	2	43700	1138	305	7.64	1016	15.28	11.0	89.0	30.4
2021-03-03	5744	149	24	0	138	2	43883	1138	183	0.0	1054	15.28	13.0	90.0	34.0
2021-03-04	5766	151	22	2	144	4	44051	1153	168	15.28	1100	30.56	13.3	90.8	34.6
2021-03-05	5801	151	35	0	149	4	44318	1153	267	0.0	1138	30.56	12.2	90.8	25.2
2021-03-06	5815	151	14	0	147	4	44425	1153	106	0.0	1123	30.56	9.0	86.0	16.7
2021-03-07	5820	151	5	0	150	3	44464	1153	38	0.0	1145	22.92	9.0	83.0	20.0
2021-03-08	5832	154	12	3	152	6	44555	1176	91	22.92	1161	45.84	11.0	84.0	22.6
2021-03-09	5893	154	61	0	173	5	45021	1176	466	0.0	1321	38.2	10.0	88.0	30.1
2021-03-10	5926	154	33	0	182	5	45273	1176	252	0.0	1390	38.2	12.0	95.0	31.9
2021-03-11	5961	158	35	4	195	7	45541	1207	267	30.56	1489	53.48	16.0	93.0	35.4
2021-03-12	6020	160	59	2	219	9	45992	1222	450	15.28	1673	68.76	13.0	96.0	47.0
2021-03-13	6054	160	34	0	239	9	46251	1222	259	0.0	1825	68.76	17.0	88.0	62.6
2021-03-14	6062	160	8	0	242	9	46312	1222	61	0.0	1848	68.76	21.0	91.0	61.3
2021-03-15	6079	160	17	0	247	6	46442	1222	129	0.0	1887	45.84	19.0	94.0	62.5
2021-03-16	6124	161	45	1	231	7	46786	1230	343	7.64	1764	53.48	21.0	91.0	33.5
2021-03-17	6178	161	54	0	252	7	47199	1230	412	0.0	1925	53.48	22.0	88.0	38.5
2021-03-18	6229	161	51	0	268	3	47588	1230	389	0.0	2047	22.92	19.0	84.0	37.4
2021-03-19	6279	161	50	0	259	1	47970	1230	381	0.0	1978	7.64	21.0	89.0	18.3
2021-03-20	6318	162	39	1	264	2	48268	1237	297	7.64	2016	15.28	16.0	79.0	10.5
2021-03-21	6329	162	11	0	267	2	48352	1237	84	0.0	2039	15.28	19.0	80.0	10.3
2021-03-22	6348	162	19	0	269	2	48497	1237	145	0.0	2055	15.28	22.0	87.0	8.9
2021-03-23	6409	162	61	0	285	1	48964	1237	466	0.0	2177	7.64	22.0	88.0	23.4
2021-03-24	6460	164	51	2	282	3	49353	1252	389	15.28	2154	22.92	26.0	86.0	11.9
2021-03-25	6527	165	67	1	298	4	49865	1260	511	7.64	2276	30.56	22.0	83.0	11.2
2021-03-26	6586	165	59	0	307	4	50316	1260	450	0.0	2345	30.56	22.0	88.0	18.5
2021-03-27	6644	166	58	1	326	4	50759	1268	443	7.64	2490	30.56	23.0	88.0	23.5
2021-03-28	6650	166	6	0	321	4	50805	1268	45	0.0	2452	30.56	24.0	85.0	20.2
2021-03-29	6711	166	61	0	363	4	51271	1268	466	0.0	2773	30.56	25.0	85.0	34.9
2021-03-30	6778	166	67	0	369	4	51783	1268	511	0.0	2819	30.56	21.0	85.0	29.5
2021-03-31	6845	167	67	1	385	3	52295	1275	511	7.64	2941	22.92	21.0	81.0	36.5
2021-04-01	6920	167	75	0	393	2	52868	1275	572	0.0	3002	15.28	21.0	81.0	31.9
2021-04-02	6980	168	60	1	394	3	53326	1283	458	7.64	3010	22.92	21.0	81.0	28.3
2021-04-03	7008	168	28	0	364	2	53540	1283	213	0.0	2780	15.28	20.0	70.0	11.7
2021-04-04	7030	168	22	0	380	2	53708	1283	168	0.0	2903	15.28	20.0	74.0	18.4
2021-04-05	7062	168	32	0	351	2	53952	1283	244	0.0	2681	15.28	22.0	76.0	-3.3
2021-04-06	7090	168	28	0	312	2	54166	1283	213	0.0	2383	15.28	23.2	86.9	-15.4
2021-04-07	7169	169	79	1	324	2	54770	1291	603	7.64	2475	15.28	23.0	93.0	-15.8
2021-04-08	7229	170	60	1	309	3	55228	1298	458	7.64	2360	22.92	22.0	96.0	-21.4
2021-04-09	7287	171	58	1	307	3	55671	1306	443	7.64	2345	22.92	21.8	97.0	-22.1
2021-04-10	7340	171	53	0	332	3	56076	1306	404	0.0	2536	22.92	22.0	94.0	-8.8
2021-04-11	7361	171	21	0	331	3	56237	1306	160	0.0	2528	22.92	20.0	90.0	-12.9
2021-04-12	7390	171	29	0	328	3	56458	1306	221	0.0	2505	22.92	21.0	93.0	-6.6
2021-04-13	7469	171	79	0	379	3	57062	1306	603	0.0	2895	22.92	20.0	90.0	21.5
2021-04-14	7525	171	56	0	356	2	57490	1306	427	0.0	2719	15.28	19.0	91.0	9.9
2021-04-15	7586	173	61	2	357	3	57956	1321	466	15.28	2727	22.92	19.0	96.0	15.5
2021-04-16	7648	174	62	1	361	3	58429	1329	473	7.64	2757	22.92	19.0	96.0	17.6
2021-04-17	7700	175	52	1	360	4	58827	1336	397	7.64	2750	30.56	19.8	90.6	8.4
2021-04-18	7737	175	37	0	376	4	59109	1336	282	0.0	2872	30.56	19.8	84.4	13.6
2021-04-19	7780	177	43	2	390	6	59438	1352	328	15.28	2979	45.84	18.8	86.5	18.9
2021-04-20	7883	177	103	0	414	6	60225	1352	786	0.0	3162	45.84	16.7	80.2	9.2
2021-04-21	7951	177	68	0	426	6	60744	1352	519	0.0	3254	45.84	20.8	84.4	19.7
2021-04-22	8006	177	55	0	420	4	61164	1352	420	0.0	3208	30.56	19.8	82.3	17.6
2021-04-23	8072	178	66	1	424	4	61669	1359	504	7.64	3239	30.56	16.7	91.7	17.5
2021-04-24	8111	178	39	0	411	3	61967	1359	297	0.0	3139	22.92	18.4	84.7	14.2
2021-04-25	8159	178	48	0	422	3	62333	1359	366	0.0	3224	22.92	20.4	85.7	12.2
2021-04-26	8202	179	43	1	422	2	62662	1367	328	7.64	3224	15.28	21.4	85.7	8.2
2021-04-27	8271	179	69	0	388	2	63189	1367	527	0.0	2964	15.28	21.4	86.7	-6.3
2021-04-28	8331	179	60	0	380	2	63647	1367	458	0.0	2903	15.28	19.4	82.7	-10.8
2021-04-29	8393	179	62	0	387	2	64121	1367	473	0.0	2956	15.28	18.4	83.7	-7.9
2021-04-30	8455	180	62	1	383	2	64595	1375	473	7.64	2926	15.28	16.3	81.6	-9.7
2021-05-01	8505	180	50	0	394	2	64977	1375	381	0.0	3010	15.28	16.3	81.6	-4.1
2021-05-02	8517	180	12	0	358	2	65068	1375	91	0.0	2735	15.28	14.3	77.6	-15.2
2021-05-03	8548	181	31	1	346	2	65305	1382	236	7.64	2643	15.28	13.3	74.5	-18.0
2021-05-04	8626	183	78	2	355	4	65901	1398	595	15.28	2712	30.56	16.3	80.6	-8.5
2021-05-05	8675	184	49	1	344	5	66276	1405	374	7.64	2628	38.2	17.7	90.6	-9.5
2021-05-06	8718	184	43	0	325	5	66604	1405	328	0.0	2482	38.2	17.5	90.7	-16.0
2021-05-07	8762	184	44	0	307	4	66940	1405	336	0.0	2345	30.56	16.5	79.4	-19.8
2021-05-08	8791	185	29	1	286	5	67162	1413	221	7.64	2185	38.2	17.5	83.5	-27.4
2021-05-09	8797	185	6	0	280	5	67208	1413	45	0.0	2139	38.2	18.4	74.5	-21.8
2021-05-10	8821	185	24	0	273	4	67391	1413	183	0.0	2085	30.56	18.4	77.6	-21.1
2021-05-11	8871	185	50	0	245	2	67773	1413	381	0.0	1871	15.28	17.3	80.6	-31.0
2021-05-12	8889	185	18	0	214	1	67910	1413	137	0.0	1634	7.64	17.3	79.6	-37.8
2021-05-13	8896	185	7	0	178	1	67964	1413	53	0.0	1359	7.64	14.3	79.6	-45.2
2021-05-14	8925	186	29	1	163	2	68185	1421	221	7.64	1245	15.28	16.3	75.5	-46.9
2021-05-15	8945	186	20	0	154	1	68338	1421	152	0.0	1176	7.64	17.3	74.5	-46.2
2021-05-16	8948	186	3	0	151	1	68361	1421	22	0.0	1153	7.64	17.3	77.6	-46.1
2021-05-17	8959	186	11	0	138	1	68445	1421	84	0.0	1054	7.64	16.3	81.6	-49.5
2021-05-18	8995	186	36	0	124	1	68720	1421	275	0.0	947	7.64	16.3	92.9	-49.4
2021-05-19	9016	186	21	0	127	1	68881	1421	160	0.0	970	7.64	13.3	86.7	-40.7
2021-05-20	9036	186	20	0	140	1	69034	1421	152	0.0	1069	7.64	12.2	84.7	-21.3
2021-05-21	9066	186	30	0	141	0	69263	1421	229	0.0	1077	0.0	12.2	82.7	-13.5
2021-05-22	9079	186	13	0	134	0	69362	1421	99	0.0	1023	0.0	12.2	77.6	-13.0
2021-05-23	9081	186	2	0	133	0	69377	1421	15	0.0	1016	0.0	14.3	81.6	-11.9
2021-05-24	9084	186	3	0	125	0	69400	1421	22	0.0	954	0.0	13.3	82.7	-9.4
2021-05-25	9089	186	5	0	94	0	69438	1421	38	0.0	718	0.0	15.3	80.6	-24.2
2021-05-26	9127	188	38	2	111	2	69729	1436	290	15.28	848	15.28	15.3	77.6	-12.6
2021-05-27	9140	188	13	0	104	2	69828	1436	99	0.0	794	15.28	16.3	82.7	-25.7
2021-05-28	9148	188	8	0	82	2	69889	1436	61	0.0	626	15.28	16.3	80.6	-41.8
2021-05-29	9157	188	9	0	78	2	69958	1436	68	0.0	595	15.28	15.5	78.4	-41.8
2021-05-30	9158	188	1	0	77	2	69966	1436	7	0.0	588	15.28	16.5	79.4	-42.1
2021-05-31	9163	188	5	0	79	2	70004	1436	38	0.0	603	15.28	18.4	80.6	-36.8
2021-06-01	9174	188	11	0	85	2	70088	1436	84	0.0	649	15.28	17.3	80.6	-9.6
2021-06-02	9177	188	3	0	50	0	70111	1436	22	0.0	381	0.0	16.3	85.7	-55.0
2021-06-03	9187	188	10	0	47	0	70187	1436	76	0.0	359	0.0	16.3	85.7	-54.8
2021-06-04	9189	188	2	0	41	0	70202	1436	15	0.0	313	0.0	16.3	78.6	-50.0
2021-06-05	9190	188	1	0	33	0	70210	1436	7	0.0	252	0.0	15.3	75.5	-57.7
2021-06-06	9193	188	3	0	35	0	70233	1436	22	0.0	267	0.0	13.3	76.5	-54.5
2021-06-07	9196	188	3	0	33	0	70256	1436	22	0.0	252	0.0	14.3	78.6	-58.2
2021-06-08	9202	188	6	0	28	0	70302	1436	45	0.0	213	0.0	12.2	82.7	-67.1
2021-06-09	9207	189	5	1	30	1	70340	1443	38	7.64	229	7.64	11.2	81.6	-40.0
2021-06-10	9212	189	5	0	25	1	70378	1443	38	0.0	190	7.64	11.2	84.7	-46.8
2021-06-11	9214	189	2	0	25	1	70393	1443	15	0.0	190	7.64	8.2	79.6	-39.0
2021-06-12	9216	189	2	0	26	1	70409	1443	15	0.0	198	7.64	4.8	78.8	-21.2
2021-06-13	9220	189	4	0	27	1	70439	1443	30	0.0	206	7.64	4.8	76.9	-22.9
2021-06-14	9224	189	4	0	28	1	70470	1443	30	0.0	213	7.64	4.8	77.9	-15.2
2021-06-15	9225	189	1	0	23	1	70477	1443	7	0.0	175	7.64	4.8	76.0	-17.9
2021-06-16	9227	189	2	0	20	0	70493	1443	15	0.0	152	0.0	4.9	81.6	-33.3
2021-06-17	9229	189	2	0	17	0	70508	1443	15	0.0	129	0.0	4.8	83.7	-32.0
2021-06-18	9232	189	3	0	18	0	70531	1443	22	0.0	137	0.0	4.8	83.7	-28.0
2021-06-19	9232	189	0	0	16	0	70531	1443	0	0.0	122	0.0	4.8	76.9	-38.5
2021-06-20	9232	189	0	0	12	0	70531	1443	0	0.0	91	0.0	4.8	76.9	-55.6
2021-06-21	9235	189	3	0	11	0	70554	1443	22	0.0	84	0.0	4.8	81.7	-60.7
2021-06-22	9235	189	0	0	10	0	70554	1443	0	0.0	76	0.0	4.8	81.7	-56.5
2021-06-23	9238	189	3	0	11	0	70577	1443	22	0.0	84	0.0	4.8	83.7	-45.0
2021-06-24	9239	189	1	0	10	0	70584	1443	7	0.0	76	0.0	4.8	88.5	-41.2
2021-06-25	9241	189	2	0	9	0	70600	1443	15	0.0	68	0.0	4.8	94.2	-50.0
2021-06-26	9241	189	0	0	9	0	70600	1443	0	0.0	68	0.0	4.8	88.5	-43.8
2021-06-27	9241	189	0	0	9	0	70600	1443	0	0.0	68	0.0	4.8	65.4	-25.0
2021-06-28	9245	189	4	0	10	0	70630	1443	30	0.0	76	0.0	4.8	74.0	-9.1
2021-06-29	9246	189	1	0	11	0	70638	1443	7	0.0	84	0.0	4.8	70.2	10.0
2021-06-30	9259	189	13	0	21	0	70737	1443	99	0.0	160	0.0	3.8	80.8	90.9
2021-07-01	9262	189	3	0	23	0	70760	1443	22	0.0	175	0.0	3.9	75.7	130.0
2021-07-02	9265	189	3	0	24	0	70783	1443	22	0.0	183	0.0	3.9	84.5	166.7
2021-07-03	9269	189	4	0	28	0	70814	1443	30	0.0	213	0.0	3.8	86.7	211.1
2021-07-04	9269	189	0	0	28	0	70814	1443	0	0.0	213	0.0	3.9	81.6	211.1
2021-07-05	9273	189	4	0	28	0	70844	1443	30	0.0	213	0.0	3.9	74.8	180.0
2021-07-06	9275	189	2	0	29	0	70859	1443	15	0.0	221	0.0	3.9	82.4	163.6
2021-07-07	9277	189	2	0	18	0	70875	1443	15	0.0	137	0.0	3.9	76.5	-14.3
2021-07-08	9279	189	2	0	17	0	70890	1443	15	0.0	129	0.0	3.8	72.1	-26.1
2021-07-09	9282	189	3	0	17	0	70913	1443	22	0.0	129	0.0	3.0	88.1	-29.2
2021-07-10	9283	189	1	0	14	0	70921	1443	7	0.0	106	0.0	2.9	79.4	-50.0
2021-07-11	9284	189	1	0	15	0	70928	1443	7	0.0	114	0.0	2.9	79.4	-46.4
2021-07-12	9287	189	3	0	14	0	70951	1443	22	0.0	106	0.0	3.0	83.0	-50.0
2021-07-13	9288	189	1	0	13	0	70959	1443	7	0.0	99	0.0	3.0	88.0	-55.2
2021-07-14	9291	189	3	0	14	0	70982	1443	22	0.0	106	0.0	3.0	92.9	-22.2
2021-07-15	9304	189	13	0	25	0	71081	1443	99	0.0	190	0.0	2.0	90.9	47.1
2021-07-16	9305	189	1	0	23	0	71089	1443	7	0.0	175	0.0	2.0	89.0	35.3
2021-07-17	9308	189	3	0	25	0	71112	1443	22	0.0	190	0.0	2.0	87.0	78.6
2021-07-18	9308	189	0	0	24	0	71112	1443	0	0.0	183	0.0	1.0	75.2	60.0
2021-07-19	9314	189	6	0	27	0	71157	1443	45	0.0	206	0.0	1.0	79.2	92.9
2021-07-20	9320	189	6	0	32	0	71203	1443	45	0.0	244	0.0	1.0	86.1	146.2
2021-07-21	9332	189	12	0	41	0	71295	1443	91	0.0	313	0.0	0.0	93.3	192.9
2021-07-22	9341	189	9	0	37	0	71364	1443	68	0.0	282	0.0	0.0	85.7	48.0
2021-07-23	9343	189	2	0	38	0	71379	1443	15	0.0	290	0.0	0.0	91.4	65.2
2021-07-24	9345	189	2	0	37	0	71394	1443	15	0.0	282	0.0	0.0	88.6	48.0
2021-07-25	9348	189	3	0	40	0	71417	1443	22	0.0	305	0.0	0.0	85.8	66.7
2021-07-26	9360	189	12	0	46	0	71509	1443	91	0.0	351	0.0	0.0	79.2	70.4
2021-07-27	9363	189	3	0	43	0	71532	1443	22	0.0	328	0.0	0.0	86.8	34.4
2021-07-28	9365	189	2	0	33	0	71547	1443	15	0.0	252	0.0	0.0	86.7	-19.5
2021-07-29	9369	189	4	0	28	0	71578	1443	30	0.0	213	0.0	0.0	86.8	-24.3
2021-07-30	9372	189	3	0	29	0	71601	1443	22	0.0	221	0.0	0.0	92.4	-23.7
2021-07-31	9375	189	3	0	30	0	71623	1443	22	0.0	229	0.0	0.0	89.5	-18.9
2021-08-01	9376	189	1	0	28	0	71631	1443	7	0.0	213	0.0	0.0	77.1	-30.0
2021-08-02	9380	189	4	0	20	0	71662	1443	30	0.0	152	0.0	2.9	89.4	-56.5
2021-08-03	9393	189	13	0	30	0	71761	1443	99	0.0	229	0.0	1.0	88.6	-30.2
2021-08-04	9396	189	3	0	31	0	71784	1443	22	0.0	236	0.0	1.0	84.8	-6.1
2021-08-05	9403	189	7	0	34	0	71837	1443	53	0.0	259	0.0	1.0	80.0	21.4
2021-08-06	9409	190	6	1	37	1	71883	1451	45	7.64	282	7.64	1.0	85.7	27.6
2021-08-07	9413	190	4	0	38	1	71914	1451	30	0.0	290	7.64	1.0	83.8	26.7
2021-08-08	9418	190	5	0	42	1	71952	1451	38	0.0	320	7.64	1.0	83.8	50.0
2021-08-09	9426	190	8	0	46	1	72013	1451	61	0.0	351	7.64	0.9	79.2	130.0
2021-08-10	9459	190	33	0	66	1	72265	1451	252	0.0	504	7.64	0.9	73.6	120.0
2021-08-11	9478	190	19	0	82	1	72410	1451	145	0.0	626	7.64	0.9	83.0	164.5
2021-08-12	9496	190	18	0	93	1	72548	1451	137	0.0	710	7.64	0.9	83.2	173.5
2021-08-13	9509	190	13	0	100	0	72647	1451	99	0.0	763	0.0	0.9	81.3	170.3
2021-08-14	9523	190	14	0	110	0	72754	1451	106	0.0	840	0.0	0.9	75.5	189.5
2021-08-15	9524	190	1	0	106	0	72762	1451	7	0.0	809	0.0	0.9	75.5	152.4
2021-08-16	9543	190	19	0	117	0	72907	1451	145	0.0	893	0.0	0.9	75.7	154.3
2021-08-17	9571	190	28	0	112	0	73121	1451	213	0.0	855	0.0	0.9	77.8	69.7
2021-08-18	9590	190	19	0	112	0	73266	1451	145	0.0	855	0.0	0.9	84.3	36.6
2021-08-19	9609	190	19	0	113	0	73411	1451	145	0.0	863	0.0	3.7	88.0	21.5
2021-08-20	9639	190	30	0	130	0	73640	1451	229	0.0	993	0.0	3.7	81.3	30.0
2021-08-21	9649	190	10	0	126	0	73717	1451	76	0.0	962	0.0	3.7	84.1	14.5
2021-08-22	9653	190	4	0	129	0	73747	1451	30	0.0	985	0.0	3.7	81.3	21.7
2021-08-23	9676	190	23	0	133	0	73923	1451	175	0.0	1016	0.0	3.8	85.8	13.7
2021-08-24	9711	191	35	1	140	1	74190	1459	267	7.64	1069	7.64	4.7	91.6	25.0
2021-08-25	9742	191	31	0	152	1	74427	1459	236	0.0	1161	7.64	4.7	98.1	35.7
2021-08-26	9780	191	38	0	171	1	74718	1459	290	0.0	1306	7.64	4.7	93.4	51.3
2021-08-27	9805	191	25	0	166	1	74909	1459	190	0.0	1268	7.64	4.7	83.0	27.7
2021-08-28	9822	191	17	0	173	1	75038	1459	129	0.0	1321	7.64	4.7	79.2	37.3
2021-08-29	9828	191	6	0	175	1	75084	1459	45	0.0	1336	7.64	3.8	78.3	35.7
2021-08-30	9875	191	47	0	199	1	75443	1459	359	0.0	1520	7.64	4.7	84.9	49.6
2021-08-31	9933	191	58	0	222	0	75886	1459	443	0.0	1696	0.0	4.7	86.8	58.6
2021-09-01	10007	191	74	0	265	0	76452	1459	565	0.0	2024	0.0	4.7	85.8	74.3
2021-09-02	10042	192	35	1	262	1	76719	1466	267	7.64	2001	7.64	5.7	82.1	53.2
2021-09-03	10099	192	57	0	294	1	77155	1466	435	0.0	2246	7.64	6.6	74.5	77.1
2021-09-04	10160	193	61	1	338	2	77621	1474	466	7.64	2582	15.28	6.6	74.5	95.4
2021-09-05	10167	193	7	0	339	2	77674	1474	53	0.0	2589	15.28	5.7	76.4	93.7
2021-09-06	10208	194	41	1	333	3	77987	1482	313	7.64	2544	22.92	8.4	75.7	67.3
2021-09-07	10258	194	50	0	325	3	78369	1482	381	0.0	2482	22.92	8.5	75.5	46.4
2021-09-08	10330	196	72	2	323	5	78920	1497	550	15.28	2467	38.2	7.6	84.8	21.9
2021-09-09	10380	196	50	0	338	4	79302	1497	381	0.0	2582	30.56	7.6	85.7	29.0
2021-09-10	10427	196	47	0	328	4	79661	1497	359	0.0	2505	30.56	8.6	86.7	11.6
2021-09-11	10450	196	23	0	290	3	79836	1497	175	0.0	2215	22.92	7.6	81.0	-14.2
2021-09-12	10470	196	20	0	303	3	79989	1497	152	0.0	2314	22.92	7.6	83.8	-10.6
2021-09-13	10516	197	46	1	308	3	80341	1505	351	7.64	2353	22.92	9.5	80.0	-7.5
2021-09-14	10560	197	44	0	302	3	80677	1505	336	0.0	2307	22.92	6.7	78.1	-7.1
2021-09-15	10604	198	44	1	274	2	81013	1512	336	7.64	2093	15.28	5.7	79.0	-15.2
2021-09-16	10649	199	45	1	269	3	81357	1520	343	7.64	2055	22.92	9.4	93.4	-20.4
2021-09-17	10687	199	38	0	260	3	81647	1520	290	0.0	1986	22.92	8.5	90.6	-20.7
2021-09-18	10711	199	24	0	261	3	81830	1520	183	0.0	1994	22.92	7.5	84.9	-10.0
2021-09-19	10717	199	6	0	247	3	81876	1520	45	0.0	1887	22.92	6.7	89.5	-18.5
2021-09-20	10740	199	23	0	224	2	82052	1520	175	0.0	1711	15.28	8.5	77.4	-27.3
2021-09-21	10780	200	40	1	220	3	82357	1527	305	7.64	1680	22.92	6.6	84.0	-27.2
2021-09-22	10819	200	39	0	215	2	82655	1527	297	0.0	1642	15.28	5.7	83.0	-21.5
2021-09-23	10858	200	39	0	209	1	82953	1527	297	0.0	1596	7.64	5.7	83.0	-22.3
2021-09-24	10887	200	29	0	200	1	83175	1527	221	0.0	1527	7.64	5.7	81.1	-23.1
2021-09-25	10914	200	27	0	203	1	83381	1527	206	0.0	1550	7.64	3.8	70.8	-22.2
2021-09-26	10928	200	14	0	211	1	83488	1527	106	0.0	1612	7.64	4.7	74.5	-14.6
2021-09-27	10971	200	43	0	231	1	83817	1527	328	0.0	1764	7.64	3.7	82.4	3.1
2021-09-28	11015	200	44	0	235	0	84153	1527	336	0.0	1795	0.0	4.7	83.2	6.8
2021-09-29	11047	200	32	0	228	0	84397	1527	244	0.0	1741	0.0	3.7	77.6	6.0
2021-09-30	11067	200	20	0	209	0	84550	1527	152	0.0	1596	0.0	3.7	85.0	0.0
2021-10-01	11100	201	33	1	213	1	84802	1535	252	7.64	1627	7.64	2.8	86.0	6.5
2021-10-02	11121	201	21	0	207	1	84963	1535	160	0.0	1581	7.64	2.8	86.8	2.0
2021-10-03	11130	201	9	0	202	1	85031	1535	68	0.0	1543	7.64	0.9	84.0	-4.3
2021-10-04	11152	201	22	0	181	1	85200	1535	168	0.0	1382	7.64	1.9	81.3	-21.6
2021-10-05	11196	201	44	0	181	1	85536	1535	336	0.0	1382	7.64	0.0	82.1	-23.0
2021-10-06	11216	201	20	0	169	1	85688	1535	152	0.0	1291	7.64	0.9	84.9	-25.9
2021-10-07	11251	201	35	0	184	1	85956	1535	267	0.0	1405	7.64	1.0	85.7	-12.0
2021-10-08	11272	201	21	0	172	0	86116	1535	160	0.0	1314	0.0	1.9	93.4	-19.2
2021-10-09	11296	201	24	0	175	0	86300	1535	183	0.0	1336	0.0	1.9	92.5	-15.5
2021-10-10	11302	201	6	0	172	0	86345	1535	45	0.0	1314	0.0	1.9	90.6	-14.9
2021-10-11	11313	201	11	0	161	0	86430	1535	84	0.0	1230	0.0	1.9	85.2	-11.0
2021-10-12	11329	201	16	0	133	0	86552	1535	122	0.0	1016	0.0	1.9	85.2	-26.5
2021-10-13	11351	201	22	0	135	0	86720	1535	168	0.0	1031	0.0	3.7	88.9	-20.1
2021-10-14	11375	202	24	1	124	1	86903	1543	183	7.64	947	7.64	3.7	88.9	-32.6
2021-10-15	11402	203	27	1	130	2	87109	1550	206	7.64	993	15.28	3.7	83.3	-24.4
2021-10-16	11419	203	17	0	123	2	87239	1550	129	0.0	939	15.28	3.7	79.6	-29.7
2021-10-17	11426	203	7	0	124	2	87293	1550	53	0.0	947	15.28	4.6	82.4	-27.9
2021-10-18	11443	203	17	0	130	2	87423	1550	129	0.0	993	15.28	4.6	83.3	-19.3
2021-10-19	11484	203	41	0	155	2	87736	1550	313	0.0	1184	15.28	4.7	88.8	16.5
2021-10-20	11518	204	34	1	167	3	87996	1558	259	7.64	1275	22.92	4.7	85.0	23.7
2021-10-21	11566	204	48	0	191	2	88362	1558	366	0.0	1459	15.28	3.7	93.5	54.0
2021-10-22	11588	204	22	0	186	1	88531	1558	168	0.0	1421	7.64	3.7	87.9	43.1
2021-10-23	11608	204	20	0	189	1	88683	1558	152	0.0	1443	7.64	4.7	89.7	53.7
2021-10-24	11614	204	6	0	188	1	88729	1558	45	0.0	1436	7.64	5.6	85.0	51.6
2021-10-25	11660	205	46	1	217	2	89081	1566	351	7.64	1657	15.28	4.7	83.2	66.9
2021-10-26	11729	206	69	1	245	3	89608	1573	527	7.64	1871	22.92	4.7	84.1	58.1
2021-10-27	11784	208	55	2	266	4	90028	1589	420	15.28	2032	30.56	5.6	87.9	59.3
2021-10-28	11825	208	41	0	259	4	90341	1589	313	0.0	1978	30.56	5.6	91.6	35.6
2021-10-29	11876	208	51	0	288	4	90731	1589	389	0.0	2200	30.56	5.6	93.5	54.8
2021-10-30	11895	208	19	0	287	4	90876	1589	145	0.0	2192	30.56	5.6	89.8	51.9
2021-10-31	11902	209	7	1	288	5	90929	1596	53	7.64	2200	38.2	5.5	83.5	53.2
2021-11-01	11948	210	46	1	288	5	91281	1604	351	7.64	2200	38.2	5.5	85.3	32.7
2021-11-02	12007	210	59	0	278	4	91732	1604	450	0.0	2123	30.56	4.7	86.9	13.5
2021-11-03	12081	211	74	1	297	3	92297	1612	565	7.64	2269	22.92	6.5	89.7	11.7
2021-11-04	12145	211	64	0	320	3	92786	1612	488	0.0	2444	22.92	7.5	90.7	23.6
2021-11-05	12201	212	56	1	325	4	93214	1619	427	7.64	2482	30.56	8.4	92.5	12.8
2021-11-06	12250	213	49	1	355	5	93588	1627	374	7.64	2712	38.2	8.3	88.9	23.7
2021-11-07	12263	213	13	0	361	4	93687	1627	99	0.0	2757	30.56	7.3	88.1	25.3
2021-11-08	12317	213	54	0	369	3	94100	1627	412	0.0	2819	22.92	7.5	86.0	28.1
2021-11-09	12394	214	77	1	387	4	94688	1634	588	7.64	2956	30.56	8.4	86.9	39.2
2021-11-10	12472	214	78	0	391	3	95284	1634	595	0.0	2987	22.92	8.4	94.4	31.6
2021-11-11	12539	214	67	0	394	3	95796	1634	511	0.0	3010	22.92	12.3	89.6	23.1
2021-11-12	12609	214	70	0	408	2	96331	1634	534	0.0	3117	15.28	14.2	92.5	25.5
2021-11-13	12677	214	68	0	427	1	96850	1634	519	0.0	3262	7.64	15.7	90.2	20.3
2021-11-14	12704	214	27	0	441	1	97057	1634	206	0.0	3369	7.64	15.7	88.2	22.2
2021-11-15	12759	214	55	0	442	1	97477	1634	420	0.0	3376	7.64	15.7	88.2	19.8
2021-11-16	12852	214	93	0	458	0	98187	1634	710	0.0	3499	0.0	15.1	87.7	18.3
2021-11-17	12920	215	68	1	448	1	98707	1642	519	7.64	3422	7.64	17.0	96.2	14.6
2021-11-18	12977	215	57	0	438	1	99142	1642	435	0.0	3346	7.64	15.1	94.3	11.2
2021-11-19	13039	215	62	0	430	1	99616	1642	473	0.0	3285	7.64	15.1	93.4	5.4
2021-11-20	13109	215	70	0	432	1	100151	1642	534	0.0	3300	7.64	15.1	88.7	1.2
2021-11-21	13141	215	32	0	437	1	100395	1642	244	0.0	3338	7.64	15.1	84.0	-0.9
2021-11-22	13204	216	63	1	445	2	100877	1650	481	7.64	3399	15.28	15.2	83.8	0.7
2021-11-23	13306	217	102	1	454	3	101656	1657	779	7.64	3468	22.92	12.3	84.0	-0.9
2021-11-24	13389	219	83	2	469	4	102290	1673	634	15.28	3583	30.56	13.2	84.9	4.7
2021-11-25	13485	219	96	0	508	4	103023	1673	733	0.0	3881	30.56	12.1	89.7	16.0
2021-11-26	13572	219	87	0	533	4	103688	1673	664	0.0	4072	30.56	13.1	86.9	24.0
2021-11-27	13602	219	30	0	493	4	103917	1673	229	0.0	3766	30.56	14.0	91.6	14.1
2021-11-28	13626	219	24	0	485	4	104101	1673	183	0.0	3705	30.56	15.0	88.8	11.0
2021-11-29	13713	220	87	1	509	4	104765	1680	664	7.64	3888	30.56	15.0	89.7	14.4
2021-11-30	13809	221	96	1	503	4	105499	1688	733	7.64	3842	30.56	15.0	93.5	10.8
2021-12-01	13869	222	60	1	480	3	105957	1696	458	7.64	3667	22.92	15.6	93.6	2.3
2021-12-02	13946	222	77	0	461	3	106545	1696	588	0.0	3521	22.92	14.8	93.5	-9.3
2021-12-03	14050	222	104	0	478	3	107340	1696	794	0.0	3651	22.92	15.7	96.3	-10.3
2021-12-04	14146	222	96	0	544	3	108073	1696	733	0.0	4156	22.92	15.7	90.7	10.3
2021-12-05	14182	222	36	0	556	3	108348	1696	275	0.0	4247	22.92	15.7	95.4	14.6
2021-12-06	14305	223	123	1	592	3	109288	1703	939	7.64	4522	22.92	17.6	95.4	16.3
2021-12-07	14392	223	87	0	583	2	109953	1703	664	0.0	4454	15.28	17.6	92.6	15.9
2021-12-08	14510	224	118	1	641	2	110854	1711	901	7.64	4897	15.28	14.8	94.4	33.5
2021-12-09	14600	224	90	0	654	2	111542	1711	687	0.0	4996	15.28	15.7	92.6	41.9
2021-12-10	14696	224	96	0	646	2	112275	1711	733	0.0	4935	15.28	16.7	91.7	35.1
2021-12-11	14739	226	43	2	593	4	112604	1726	328	15.28	4530	30.56	16.8	85.0	9.0
2021-12-12	14810	226	71	0	628	4	113146	1726	542	0.0	4797	30.56	16.8	85.0	12.9
2021-12-13	14909	228	99	2	604	5	113903	1741	756	15.28	4614	38.2	16.8	86.9	2.0
2021-12-14	14989	229	80	1	597	6	114514	1749	611	7.64	4561	45.84	15.7	91.7	2.4
2021-12-15	15059	234	70	5	549	10	115049	1787	534	38.199	4194	76.4	14.8	92.6	-14.4
2021-12-16	15129	234	70	0	529	10	115583	1787	534	0.0	4041	76.4	12.0	82.4	-19.1
2021-12-17	15208	237	79	3	512	13	116187	1810	603	22.92	3911	99.32	14.0	86.9	-20.7
2021-12-18	15255	237	47	0	516	11	116546	1810	359	0.0	3942	84.04	15.0	85.0	-13.0
2021-12-19	15285	237	30	0	475	11	116775	1810	229	0.0	3628	84.04	15.0	85.0	-24.4
2021-12-20	15354	238	69	1	445	10	117302	1818	527	7.64	3399	76.4	16.8	82.2	-26.3
2021-12-21	15414	238	60	0	425	9	117761	1818	458	0.0	3246	68.76	15.0	81.3	-28.8
2021-12-22	15486	238	72	0	427	4	118311	1818	550	0.0	3262	30.56	13.1	79.4	-22.2
2021-12-23	15566	238	80	0	437	4	118922	1818	611	0.0	3338	30.56	14.0	84.1	-17.4
2021-12-24	15614	238	48	0	406	1	119289	1818	366	0.0	3101	7.64	10.4	74.5	-20.7
2021-12-25	15652	238	38	0	397	1	119579	1818	290	0.0	3033	7.64	13.2	78.3	-23.1
2021-12-26	15685	238	33	0	400	1	119831	1818	252	0.0	3055	7.64	12.4	78.1	-15.8
2021-12-27	15767	238	82	0	413	0	120458	1818	626	0.0	3155	0.0	12.4	78.1	-7.2
2021-12-28	15838	239	71	1	424	1	121000	1825	542	7.64	3239	7.64	10.3	78.5	-0.2
2021-12-29	15917	239	79	0	431	1	121604	1825	603	0.0	3292	7.64	11.1	75.0	0.9
2021-12-30	16004	239	87	0	438	1	122268	1825	664	0.0	3346	7.64	12.0	75.9	0.2
2021-12-31	16048	239	44	0	434	1	122604	1825	336	0.0	3315	7.64	11.1	69.4	6.9
2022-01-01	16059	239	11	0	407	1	122688	1825	84	0.0	3109	7.64	11.2	68.2	2.5
2022-01-02	16080	239	21	0	395	1	122849	1825	160	0.0	3017	7.64	11.1	67.6	-1.2
2022-01-03	16208	239	128	0	441	1	123827	1825	977	0.0	3369	7.64	11.2	76.6	6.8
2022-01-04	16350	240	142	1	512	1	124912	1833	1084	7.64	3911	7.64	12.0	75.9	20.8
2022-01-05	16480	240	130	0	563	1	125905	1833	993	0.0	4301	7.64	11.9	77.1	30.6
2022-01-06	16607	240	127	0	603	1	126875	1833	970	0.0	4606	7.64	9.3	81.3	37.7
2022-01-07	16726	240	119	0	678	1	127784	1833	909	0.0	5179	7.64	9.3	83.2	56.2
2022-01-08	16808	240	82	0	749	1	128411	1833	626	0.0	5722	7.64	9.3	85.2	84.0
2022-01-09	16879	240	71	0	799	1	128953	1833	542	0.0	6104	7.64	10.2	84.3	102.3
2022-01-10	17011	240	132	0	803	1	129962	1833	1008	0.0	6134	7.64	9.3	85.2	82.1
2022-01-11	17195	240	184	0	845	0	131367	1833	1405	0.0	6455	0.0	8.4	88.8	65.0
2022-01-12	17391	240	196	0	911	0	132865	1833	1497	0.0	6959	0.0	9.3	86.9	61.8
2022-01-13	17571	240	180	0	964	0	134240	1833	1375	0.0	7364	0.0	9.4	91.5	59.9
2022-01-14	17765	240	194	0	1039	0	135722	1833	1482	0.0	7937	0.0	10.4	90.6	53.2
2022-01-15	17833	242	68	2	1025	2	136242	1848	519	15.28	7830	15.28	9.4	87.7	36.8
2022-01-16	17875	242	42	0	996	2	136562	1848	320	0.0	7609	15.28	9.4	89.6	24.7
2022-01-17	18046	242	171	0	1035	2	137869	1848	1306	0.0	7907	15.28	6.6	87.7	28.9
2022-01-18	18244	242	198	0	1049	2	139382	1848	1512	0.0	8014	15.28	6.5	86.9	24.1
2022-01-19	18448	242	204	0	1057	2	140940	1848	1558	0.0	8075	15.28	8.4	85.0	16.0
2022-01-20	18762	242	314	0	1191	2	143339	1848	2398	0.0	9099	15.28	9.4	92.5	23.5
2022-01-21	19242	244	480	2	1477	4	147006	1864	3667	15.28	11284	30.56	5.7	98.1	42.2
2022-01-22	19537	244	295	0	1704	2	149260	1864	2253	0.0	13018	15.28	5.7	91.4	66.2
2022-01-23	19679	244	142	0	1804	2	150345	1864	1084	0.0	13782	15.28	5.7	86.8	81.1
2022-01-24	20205	244	526	0	2159	2	154363	1864	4018	0.0	16494	15.28	5.7	85.8	108.6
2022-01-25	20733	244	528	0	2489	2	158397	1864	4033	0.0	19015	15.28	4.7	90.7	137.3
2022-01-26	21341	244	608	0	2893	2	163042	1864	4645	0.0	22102	15.28	3.7	89.7	173.7
2022-01-27	21816	244	475	0	3054	2	166671	1864	3628	0.0	23332	15.28	4.7	93.5	156.4
2022-01-28	22266	244	450	0	3024	0	170109	1864	3437	0.0	23103	0.0	4.7	94.4	104.7
2022-01-29	22395	244	129	0	2858	0	171095	1864	985	0.0	21834	0.0	5.6	91.6	67.7
2022-01-30	22586	244	191	0	2907	0	172554	1864	1459	0.0	22209	0.0	7.5	87.9	61.1
2022-01-31	23185	244	599	0	2980	0	177130	1864	4576	0.0	22766	0.0	5.6	82.2	38.0
2022-02-01	23774	244	589	0	3041	0	181630	1864	4499	0.0	23232	0.0	5.7	89.6	22.2
2022-02-02	24453	246	679	2	3112	2	186818	1879	5187	15.28	23775	15.28	6.7	89.4	7.6
2022-02-03	25123	247	670	1	3307	3	191936	1887	5118	7.64	25265	22.92	7.6	90.5	8.3
2022-02-04	25491	247	368	0	3225	3	194748	1887	2811	0.0	24638	22.92	7.4	90.7	6.6
2022-02-05	25662	247	171	0	3267	3	196054	1887	1306	0.0	24959	22.92	7.4	86.1	14.3
2022-02-06	25815	247	153	0	3229	3	197223	1887	1168	0.0	24669	22.92	7.4	87.0	11.1
2022-02-07	26225	249	410	2	3040	5	200356	1902	3132	15.28	23225	38.2	10.3	89.7	2.0
2022-02-08	26689	249	464	0	2915	5	203900	1902	3544	0.0	22270	38.2	10.1	91.7	-4.1
2022-02-09	27326	250	637	1	2873	4	208767	1909	4866	7.64	21949	30.56	8.4	94.4	-7.7
2022-02-10	27757	250	431	0	2634	3	212060	1909	3292	0.0	20123	22.92	10.2	94.4	-20.4
2022-02-11	28018	250	261	0	2527	3	214054	1909	1994	0.0	19305	22.92	10.1	89.9	-21.6
2022-02-12	28156	250	138	0	2494	3	215108	1909	1054	0.0	19053	22.92	9.3	88.9	-23.7
2022-02-13	28299	250	143	0	2484	3	216201	1909	1092	0.0	18977	22.92	10.2	86.1	-23.1
2022-02-14	28594	252	295	2	2369	3	218454	1925	2253	15.28	18098	22.92	9.3	84.1	-22.1
2022-02-15	28904	252	310	0	2215	3	220823	1925	2368	0.0	16922	22.92	8.2	88.2	-24.0
2022-02-16	29203	253	299	1	1877	3	223107	1932	2284	7.64	14340	22.92	9.3	84.3	-34.7
2022-02-17	29515	253	312	0	1758	3	225491	1932	2383	0.0	13430	22.92	7.4	87.0	-33.3
2022-02-18	29723	253	208	0	1705	3	227080	1932	1589	0.0	13026	22.92	9.2	87.2	-32.5
2022-02-19	29861	254	138	1	1705	4	228134	1940	1054	7.64	13026	30.56	11.8	87.3	-31.6
2022-02-20	29957	254	96	0	1658	4	228868	1940	733	0.0	12666	30.56	11.0	89.9	-33.3
2022-02-21	30039	254	82	0	1445	2	229494	1940	626	0.0	11039	15.28	8.5	92.5	-39.0
2022-02-22	30346	254	307	0	1442	2	231839	1940	2345	0.0	11016	15.28	11.7	91.9	-34.9
2022-02-23	30627	257	281	3	1424	4	233986	1963	2146	22.92	10879	30.56	13.5	91.0	-24.1
2022-02-24	30838	257	211	0	1323	4	235598	1963	1612	0.0	10107	30.56	12.6	91.0	-24.7
2022-02-25	30980	257	142	0	1257	4	236683	1963	1084	0.0	9603	30.56	13.6	86.4	-26.3
2022-02-26	31133	257	153	0	1272	3	237852	1963	1168	0.0	9717	22.92	12.8	81.7	-25.4
2022-02-27	31213	257	80	0	1256	3	238463	1963	611	0.0	9595	22.92	11.1	83.3	-24.2
2022-02-28	31326	258	113	1	1287	4	239327	1971	863	7.64	9832	30.56	11.1	83.3	-10.9
2022-03-01	31530	258	204	0	1184	4	240885	1971	1558	0.0	9045	30.56	8.3	81.5	-17.9
2022-03-02	31740	258	210	0	1113	1	242489	1971	1604	0.0	8503	7.64	8.3	83.3	-21.8
2022-03-03	31929	259	189	1	1091	2	243933	1978	1443	7.64	8335	15.28	8.3	89.0	-17.5
2022-03-04	32107	259	178	0	1127	2	245293	1978	1359	0.0	8610	15.28	8.3	89.9	-10.3
2022-03-05	32171	259	64	0	1038	2	245782	1978	488	0.0	7930	15.28	8.3	88.0	-18.4
2022-03-06	32300	259	129	0	1087	2	246768	1978	985	0.0	8304	15.28	8.3	82.4	-13.5
2022-03-07	32452	259	152	0	1126	1	247929	1978	1161	0.0	8602	7.64	8.5	89.6	-12.5
2022-03-08	32714	259	262	0	1184	1	249931	1978	2001	0.0	9045	7.64	8.3	88.1	0.0
2022-03-09	32946	259	232	0	1206	1	251703	1978	1772	0.0	9213	7.64	7.4	85.2	8.4
2022-03-10	33162	260	216	1	1233	1	253353	1986	1650	7.64	9419	7.64	7.3	81.7	13.0
2022-03-11	33384	261	222	1	1277	2	255049	1994	1696	7.64	9756	15.28	7.4	80.6	13.3
2022-03-12	33523	261	139	0	1352	2	256111	1994	1061	0.0	10329	15.28	6.5	75.9	30.3
2022-03-13	33699	261	176	0	1399	2	257456	1994	1344	0.0	10688	15.28	7.3	73.4	28.7
2022-03-14	33867	261	168	0	1415	2	258740	1994	1283	0.0	10810	15.28	6.5	84.3	25.7
2022-03-15	34178	263	311	2	1464	4	261116	2009	2376	15.28	11184	30.56	5.5	78.9	23.6
2022-03-16	34444	263	266	0	1498	4	263148	2009	2032	0.0	11444	30.56	6.5	83.3	24.2
2022-03-17	34721	263	277	0	1559	3	265264	2009	2116	0.0	11910	22.92	5.5	83.6	26.4
2022-03-18	34962	263	241	0	1578	2	267105	2009	1841	0.0	12055	15.28	5.5	89.9	23.6
2022-03-19	35138	263	176	0	1615	2	268450	2009	1344	0.0	12338	15.28	6.3	91.0	19.5
2022-03-20	35249	263	111	0	1550	2	269298	2009	848	0.0	11841	15.28	6.4	90.9	10.8
2022-03-21	35576	264	327	1	1709	3	271796	2016	2498	7.64	13056	22.92	6.3	90.1	20.8
2022-03-22	35873	264	297	0	1695	1	274065	2016	2269	0.0	12949	7.64	6.3	84.7	15.8
2022-03-23	36201	266	328	2	1757	3	276571	2032	2505	15.28	13423	22.92	6.3	79.3	17.3
2022-03-24	36529	268	328	2	1808	5	279077	2047	2505	15.28	13812	38.2	6.4	82.6	16.0
2022-03-25	36781	268	252	0	1819	5	281002	2047	1925	0.0	13896	38.2	6.4	80.7	15.3
2022-03-26	36950	268	169	0	1812	5	282293	2047	1291	0.0	13843	38.2	6.4	80.9	12.2
2022-03-27	37074	268	124	0	1825	5	283241	2047	947	0.0	13942	38.2	6.5	77.8	17.7
2022-03-28	37248	268	174	0	1672	4	284570	2047	1329	0.0	12773	30.56	6.4	80.9	-2.2
2022-03-29	37574	269	326	1	1701	5	287061	2055	2490	7.64	12995	38.2	7.3	90.8	0.4
2022-03-30	37882	269	308	0	1681	3	289414	2055	2353	0.0	12842	22.92	6.6	94.3	-4.3
2022-03-31	38178	269	296	0	1649	1	291675	2055	2261	0.0	12598	7.64	5.6	82.2	-8.8
2022-04-01	38362	269	184	0	1581	1	293081	2055	1405	0.0	12078	7.64	5.6	91.7	-13.1
2022-04-02	38438	269	76	0	1488	1	293661	2055	580	0.0	11368	7.64	3.7	89.9	-17.9
2022-04-03	38551	269	113	0	1477	1	294525	2055	863	0.0	11284	7.64	3.7	89.8	-19.1
2022-04-04	38798	269	247	0	1550	1	296412	2055	1887	0.0	11841	7.64	5.6	86.1	-7.3
2022-04-05	38996	269	198	0	1422	0	297925	2055	1512	0.0	10863	0.0	5.6	86.9	-16.4
2022-04-06	39131	269	135	0	1249	0	298956	2055	1031	0.0	9542	0.0	4.7	91.6	-25.7
2022-04-07	39342	270	211	1	1164	1	300568	2062	1612	7.64	8892	7.64	4.7	96.3	-29.4
2022-04-08	39507	270	165	0	1145	1	301828	2062	1260	0.0	8747	7.64	5.6	97.2	-27.6
2022-04-09	39599	270	92	0	1161	1	302531	2062	702	0.0	8869	7.64	5.7	98.1	-22.0
2022-04-10	39756	271	157	1	1205	2	303731	2070	1199	7.64	9206	15.28	5.7	98.1	-18.4
2022-04-11	39911	271	155	0	1113	2	304915	2070	1184	0.0	8503	15.28	5.7	94.3	-28.2
2022-04-12	40049	271	138	0	1053	2	305969	2070	1054	0.0	8044	15.28	6.6	93.4	-25.9
2022-04-13	40194	271	145	0	1063	2	307077	2070	1107	0.0	8121	15.28	5.6	92.5	-14.9
2022-04-14	40347	271	153	0	1005	1	308246	2070	1168	0.0	7678	7.64	5.6	94.4	-13.7
2022-04-15	40411	271	64	0	904	1	308735	2070	488	0.0	6906	7.64	5.6	92.5	-21.0
2022-04-16	40493	271	82	0	894	1	309361	2070	626	0.0	6830	7.64	5.6	83.2	-23.0
2022-04-17	40557	271	64	0	801	0	309850	2070	488	0.0	6119	0.0	6.6	76.4	-33.5
2022-04-18	40647	272	90	1	736	1	310538	2078	687	7.64	5622	7.64	6.6	82.1	-33.9
2022-04-19	40822	272	175	0	773	1	311875	2078	1336	0.0	5905	7.64	6.6	84.0	-26.6
2022-04-20	40933	272	111	0	739	1	312723	2078	848	0.0	5645	7.64	5.7	82.9	-30.5
2022-04-21	41099	272	166	0	752	1	313991	2078	1268	0.0	5745	7.64	5.7	91.4	-25.2
2022-04-22	41225	272	126	0	814	1	314954	2078	962	0.0	6218	7.64	5.7	91.5	-10.0
2022-04-23	41320	272	95	0	827	1	315680	2078	725	0.0	6318	7.64	5.7	88.7	-7.5
2022-04-24	41410	272	90	0	853	1	316367	2078	687	0.0	6516	7.64	7.4	81.5	6.5
2022-04-25	41514	272	104	0	867	0	317162	2078	794	0.0	6623	0.0	6.5	86.1	17.8
2022-04-26	41649	272	135	0	827	0	318193	2078	1031	0.0	6318	0.0	6.5	84.3	7.0
2022-04-27	41756	272	107	0	823	0	319011	2078	817	0.0	6287	0.0	5.7	90.5	11.4
2022-04-28	41855	273	99	1	756	1	319767	2085	756	7.64	5775	7.64	5.7	92.4	0.5
2022-04-29	41961	273	106	0	736	1	320577	2085	809	0.0	5622	7.64	5.5	93.6	-9.6
2022-04-30	42001	273	40	0	681	1	320882	2085	305	0.0	5202	7.64	5.5	93.6	-17.7
2022-05-01	42039	273	38	0	629	1	321173	2085	290	0.0	4805	7.64	5.7	92.4	-26.3
2022-05-02	42102	273	63	0	588	1	321654	2085	481	0.0	4492	7.64	4.8	92.4	-32.2
2022-05-03	42217	273	115	0	568	1	322533	2085	878	0.0	4339	7.64	4.7	91.5	-31.3
2022-05-04	42316	273	99	0	560	1	323289	2085	756	0.0	4278	7.64	2.9	90.5	-32.0
2022-05-05	42403	273	87	0	548	0	323954	2085	664	0.0	4186	0.0	2.8	90.6	-27.5
2022-05-06	42482	273	79	0	521	0	324557	2085	603	0.0	3980	0.0	1.9	97.2	-29.2
2022-05-07	42563	273	81	0	562	0	325176	2085	618	0.0	4293	0.0	2.8	90.6	-17.5
2022-05-08	42563	273	0	0	524	0	325176	2085	0	0.0	4003	0.0	2.8	90.6	-16.7
2022-05-09	42699	273	136	0	597	0	326215	2085	1039	0.0	4561	0.0	2.9	82.9	1.5
2022-05-10	42801	273	102	0	584	0	326994	2085	779	0.0	4461	0.0	3.7	86.9	2.8
2022-05-11	42886	274	85	1	570	1	327644	2093	649	7.64	4354	7.64	2.8	85.8	1.8
2022-05-12	42950	274	64	0	547	1	328133	2093	488	0.0	4179	7.64	2.9	87.6	-0.2
2022-05-13	43005	274	55	0	523	1	328553	2093	420	0.0	3995	7.64	2.8	87.7	0.4
2022-05-14	43049	274	44	0	486	1	328889	2093	336	0.0	3712	7.64	2.9	81.9	-13.5
2022-05-15	43049	274	0	0	486	1	328889	2093	0	0.0	3712	7.64	2.9	80.0	-7.3
2022-05-16	43110	274	61	0	411	1	329355	2093	466	0.0	3139	7.64	2.9	80.0	-31.2
2022-05-17	43196	274	86	0	395	1	330012	2093	657	0.0	3017	7.64	3.8	80.0	-32.4
2022-05-18	43270	275	74	1	384	1	330577	2100	565	7.64	2933	7.64	3.8	89.5	-32.6
2022-05-19	43310	275	40	0	360	1	330883	2100	305	0.0	2750	7.64	4.0	89.1	-34.2
2022-05-20	43370	275	60	0	365	1	331341	2100	458	0.0	2788	7.64	3.0	84.2	-30.2
2022-05-21	43408	275	38	0	359	1	331632	2100	290	0.0	2742	7.64	3.0	80.2	-26.1
2022-05-22	43408	275	0	0	359	1	331632	2100	0	0.0	2742	7.64	3.0	79.2	-26.1
2022-05-23	43493	275	85	0	383	1	332281	2100	649	0.0	2926	7.64	4.8	69.5	-6.8
2022-05-24	43559	275	66	0	363	1	332785	2100	504	0.0	2773	7.64	3.8	76.4	-8.1
2022-05-25	43602	275	43	0	332	0	333114	2100	328	0.0	2536	0.0	3.7	84.1	-13.5
2022-05-26	43635	275	33	0	325	0	333366	2100	252	0.0	2482	0.0	2.9	84.8	-9.7
2022-05-27	43662	275	27	0	292	0	333572	2100	206	0.0	2230	0.0	2.9	79.0	-20.0
2022-05-28	43690	275	28	0	282	0	333786	2100	213	0.0	2154	0.0	2.9	78.1	-21.4
2022-05-29	43690	275	0	0	282	0	333786	2100	0	0.0	2154	0.0	2.9	79.0	-21.4
2022-05-30	43783	276	93	1	290	1	334497	2108	710	7.64	2215	7.64	2.8	84.9	-24.3
2022-05-31	43862	276	79	0	303	1	335100	2108	603	0.0	2314	7.64	2.8	86.8	-16.5
2022-06-01	43928	276	66	0	326	1	335604	2108	504	0.0	2490	7.64	2.8	81.1	-1.8
2022-06-02	43976	276	48	0	341	1	335971	2108	366	0.0	2605	7.64	2.8	81.1	4.9
2022-06-03	44013	276	37	0	351	1	336254	2108	282	0.0	2681	7.64	1.9	88.6	20.2
2022-06-04	44013	276	0	0	323	1	336254	2108	0	0.0	2467	7.64	2.9	86.5	14.5
2022-06-05	44013	276	0	0	323	1	336254	2108	0	0.0	2467	7.64	2.9	81.7	14.5
2022-06-06	44013	276	0	0	230	0	336254	2108	0	0.0	1757	0.0	2.8	84.0	-20.7
2022-06-07	44191	278	178	2	329	2	337614	2123	1359	15.28	2513	15.28	2.8	84.0	8.6
2022-06-08	44297	278	106	0	369	2	338424	2123	809	0.0	2819	15.28	2.8	84.9	13.2
2022-06-09	44357	278	60	0	381	2	338882	2123	458	0.0	2910	15.28	1.9	90.6	11.7
2022-06-10	44359	278	2	0	346	2	338897	2123	15	0.0	2643	15.28	1.9	84.9	-1.4
2022-06-11	44359	278	0	0	346	2	338897	2123	0	0.0	2643	15.28	1.9	80.0	7.1
2022-06-12	44360	278	1	0	347	2	338905	2123	7	0.0	2651	15.28	1.9	79.0	7.4
2022-06-13	44693	278	333	0	680	2	341449	2123	2544	0.0	5195	15.28	2.9	77.1	195.7
2022-06-14	44809	278	116	0	618	0	342335	2123	886	0.0	4721	0.0	2.9	77.9	87.8
2022-06-15	44894	278	85	0	597	0	342985	2123	649	0.0	4561	0.0	1.9	79.2	61.8
2022-06-16	44894	278	0	0	537	0	342985	2123	0	0.0	4102	0.0	1.9	84.8	40.9
2022-06-17	45017	278	123	0	658	0	343924	2123	939	0.0	5027	0.0	1.9	83.8	90.2
2022-06-18	45017	278	0	0	658	0	343924	2123	0	0.0	5027	0.0	1.9	82.9	90.2
2022-06-19	45017	278	0	0	657	0	343924	2123	0	0.0	5019	0.0	2.9	85.7	89.3
2022-06-20	45228	278	211	0	535	0	345536	2123	1612	0.0	4087	0.0	2.9	87.6	-21.3
2022-06-21	45374	278	146	0	565	0	346652	2123	1115	0.0	4316	0.0	2.9	91.3	-8.6
2022-06-22	45526	278	152	0	632	0	347813	2123	1161	0.0	4828	0.0	2.0	96.1	5.9
2022-06-23	45680	279	154	1	786	1	348990	2131	1176	7.64	6004	7.64	2.0	95.1	46.4
2022-06-24	45798	279	118	0	781	1	349891	2131	901	0.0	5966	7.64	1.0	83.7	18.7
2022-06-25	45798	279	0	0	781	1	349891	2131	0	0.0	5966	7.64	1.9	81.9	18.7
2022-06-26	45798	279	0	0	781	1	349891	2131	0	0.0	5966	7.64	1.9	82.9	18.9
2022-06-27	46104	279	306	0	876	1	352229	2131	2337	0.0	6692	7.64	2.0	85.3	63.7
2022-06-28	46260	279	156	0	886	1	353421	2131	1191	0.0	6768	7.64	2.0	83.3	56.8
2022-06-29	46454	280	194	1	928	2	354903	2139	1482	7.64	7089	15.28	1.9	84.8	46.8
2022-06-30	46591	280	137	0	911	1	355949	2139	1046	0.0	6959	7.64	2.9	90.5	15.9
2022-07-01	46763	280	172	0	965	1	357264	2139	1314	0.0	7372	7.64	2.9	93.3	23.6
2022-07-02	46763	280	0	0	965	1	357264	2139	0	0.0	7372	7.64	1.0	92.4	23.6
2022-07-03	46763	280	0	0	965	1	357264	2139	0	0.0	7372	7.64	1.9	88.6	23.6
2022-07-04	47089	280	326	0	985	1	359754	2139	2490	0.0	7525	7.64	1.9	91.4	12.4
2022-07-05	47284	280	195	0	1024	1	361244	2139	1489	0.0	7823	7.64	1.9	92.4	15.6
2022-07-06	47503	280	219	0	1049	0	362917	2139	1673	0.0	8014	0.0	2.2	95.6	13.0
2022-07-07	47655	280	152	0	1064	0	364078	2139	1161	0.0	8128	0.0	4.4	85.7	16.8
2022-07-08	47794	280	139	0	1031	0	365140	2139	1061	0.0	7876	0.0	2.2	86.8	6.8
2022-07-09	47794	280	0	0	1031	0	365140	2139	0	0.0	7876	0.0	1.9	83.8	6.8
2022-07-10	47794	280	0	0	1031	0	365140	2139	0	0.0	7876	0.0	2.9	82.9	6.8
2022-07-11	48163	280	369	0	1074	0	367959	2139	2819	0.0	8205	0.0	2.9	86.7	9.0
2022-07-12	48419	281	256	1	1135	1	369915	2146	1955	7.64	8671	7.64	2.8	88.7	10.8
2022-07-13	48638	281	219	0	1135	1	371588	2146	1673	0.0	8671	7.64	4.7	88.7	8.2
2022-07-14	48862	281	224	0	1207	1	373300	2146	1711	0.0	9221	7.64	4.7	89.6	13.4
2022-07-15	49094	282	232	1	1300	2	375072	2154	1772	7.64	9931	15.28	3.8	90.6	26.1
2022-07-16	49094	282	0	0	1300	2	375072	2154	0	0.0	9931	15.28	5.7	84.9	26.1
2022-07-17	49094	282	0	0	1300	2	375072	2154	0	0.0	9931	15.28	5.7	89.5	26.1
2022-07-18	49437	282	343	0	1274	2	377693	2154	2620	0.0	9733	15.28	2.9	86.7	18.6
2022-07-19	49675	282	238	0	1256	1	379511	2154	1818	0.0	9595	7.64	2.9	88.6	10.7
2022-07-20	49883	283	208	1	1245	2	381100	2162	1589	7.64	9511	15.28	3.8	85.7	9.7
2022-07-21	50048	283	165	0	1186	2	382361	2162	1260	0.0	9060	15.28	3.8	92.4	-1.7
2022-07-22	50205	283	157	0	1111	1	383560	2162	1199	0.0	8487	7.64	3.8	97.1	-14.5
2022-07-23	50205	283	0	0	1111	1	383560	2162	0	0.0	8487	7.64	1.9	95.2	-14.5
2022-07-24	50205	283	0	0	1111	1	383560	2162	0	0.0	8487	7.64	1.9	89.5	-14.5
2022-07-25	50477	283	272	0	1040	1	385638	2162	2078	0.0	7945	7.64	1.9	94.3	-18.4
2022-07-26	50594	283	117	0	919	1	386532	2162	893	0.0	7021	7.64	2.9	96.2	-26.8
2022-07-27	50731	283	137	0	848	0	387579	2162	1046	0.0	6478	0.0	3.7	85.3	-31.9
2022-07-28	50881	283	150	0	833	0	388725	2162	1145	0.0	6364	0.0	6.7	86.7	-29.8
